27
3 500.0 288.67513459481285 0.0 0 37.03703703703704 0 
3 500.0 288.67513459481285 37.03703703703704 0 74.07407407407408 0 
3 500.0 288.67513459481285 74.07407407407408 0 111.11111111111111 0 
3 500.0 288.67513459481285 111.11111111111111 0 148.14814814814815 0 
3 500.0 288.67513459481285 148.14814814814815 0 185.1851851851852 0 
3 500.0 288.67513459481285 185.1851851851852 0 222.22222222222223 0 
3 500.0 288.67513459481285 222.22222222222223 0 259.25925925925924 0 
3 500.0 288.67513459481285 259.25925925925924 0 296.2962962962963 0 
3 500.0 288.67513459481285 296.2962962962963 0 333.33333333333337 0 
3 500.0 288.67513459481285 333.33333333333337 0 370.3703703703704 0 
3 500.0 288.67513459481285 370.3703703703704 0 407.4074074074074 0 
3 500.0 288.67513459481285 407.4074074074074 0 444.44444444444446 0 
3 500.0 288.67513459481285 444.44444444444446 0 481.4814814814815 0 
3 500.0 288.67513459481285 481.4814814814815 0 518.5185185185185 0 
3 500.0 288.67513459481285 518.5185185185185 0 555.5555555555555 0 
3 500.0 288.67513459481285 555.5555555555555 0 592.5925925925926 0 
3 500.0 288.67513459481285 592.5925925925926 0 629.6296296296297 0 
3 500.0 288.67513459481285 629.6296296296297 0 666.6666666666667 0 
3 500.0 288.67513459481285 666.6666666666667 0 703.7037037037037 0 
3 500.0 288.67513459481285 703.7037037037037 0 740.7407407407408 0 
3 500.0 288.67513459481285 740.7407407407408 0 777.7777777777778 0 
3 500.0 288.67513459481285 777.7777777777778 0 814.8148148148148 0 
3 500.0 288.67513459481285 814.8148148148148 0 851.8518518518518 0 
3 500.0 288.67513459481285 851.8518518518518 0 888.8888888888889 0 
3 500.0 288.67513459481285 888.8888888888889 0 925.925925925926 0 
3 500.0 288.67513459481285 925.925925925926 0 962.962962962963 0 
3 500.0 288.67513459481285 962.962962962963 0 1000.0 0 
