27
3 500.0 288.67513459481285 0.0 0.0 18.51851851851852 32.07501495497921 
3 500.0 288.67513459481285 18.51851851851852 32.07501495497921 37.03703703703704 64.15002990995842 
3 500.0 288.67513459481285 37.03703703703704 64.15002990995842 55.55555555555556 96.22504486493763 
3 500.0 288.67513459481285 55.55555555555556 96.22504486493763 74.07407407407408 128.30005981991684 
3 500.0 288.67513459481285 74.07407407407408 128.30005981991684 92.5925925925926 160.37507477489604 
3 500.0 288.67513459481285 92.5925925925926 160.37507477489604 111.11111111111111 192.45008972987526 
3 500.0 288.67513459481285 111.11111111111111 192.45008972987526 129.62962962962962 224.52510468485443 
3 500.0 288.67513459481285 129.62962962962962 224.52510468485443 148.14814814814815 256.6001196398337 
3 500.0 288.67513459481285 148.14814814814815 256.6001196398337 166.66666666666669 288.6751345948129 
3 500.0 288.67513459481285 166.66666666666669 288.6751345948129 185.1851851851852 320.75014954979207 
3 500.0 288.67513459481285 185.1851851851852 320.75014954979207 203.7037037037037 352.82516450477124 
3 500.0 288.67513459481285 203.7037037037037 352.82516450477124 222.22222222222223 384.9001794597505 
3 500.0 288.67513459481285 222.22222222222223 384.9001794597505 240.74074074074076 416.97519441472974 
3 500.0 288.67513459481285 240.74074074074076 416.97519441472974 259.25925925925924 449.05020936970885 
3 500.0 288.67513459481285 259.25925925925924 449.05020936970885 277.77777777777777 481.1252243246881 
3 500.0 288.67513459481285 277.77777777777777 481.1252243246881 296.2962962962963 513.2002392796674 
3 500.0 288.67513459481285 296.2962962962963 513.2002392796674 314.81481481481484 545.2752542346466 
3 500.0 288.67513459481285 314.81481481481484 545.2752542346466 333.33333333333337 577.3502691896258 
3 500.0 288.67513459481285 333.33333333333337 577.3502691896258 351.85185185185185 609.4252841446049 
3 500.0 288.67513459481285 351.85185185185185 609.4252841446049 370.3703703703704 641.5002990995841 
3 500.0 288.67513459481285 370.3703703703704 641.5002990995841 388.8888888888889 673.5753140545634 
3 500.0 288.67513459481285 388.8888888888889 673.5753140545634 407.4074074074074 705.6503290095425 
3 500.0 288.67513459481285 407.4074074074074 705.6503290095425 425.9259259259259 737.7253439645218 
3 500.0 288.67513459481285 425.9259259259259 737.7253439645218 444.44444444444446 769.800358919501 
3 500.0 288.67513459481285 444.44444444444446 769.800358919501 462.962962962963 801.8753738744803 
3 500.0 288.67513459481285 462.962962962963 801.8753738744803 481.4814814814815 833.9503888294595 
3 500.0 288.67513459481285 481.4814814814815 833.9503888294595 500.0 866.0254037844386 
