27
3 500.0 288.67513459481285 500.0 866.0254037844386 518.5185185185185 833.9503888294595 
3 500.0 288.67513459481285 518.5185185185185 833.9503888294595 537.0370370370371 801.8753738744801 
3 500.0 288.67513459481285 537.0370370370371 801.8753738744801 555.5555555555555 769.800358919501 
3 500.0 288.67513459481285 555.5555555555555 769.800358919501 574.0740740740741 737.7253439645217 
3 500.0 288.67513459481285 574.0740740740741 737.7253439645217 592.5925925925926 705.6503290095425 
3 500.0 288.67513459481285 592.5925925925926 705.6503290095425 611.1111111111111 673.5753140545634 
3 500.0 288.67513459481285 611.1111111111111 673.5753140545634 629.6296296296296 641.5002990995843 
3 500.0 288.67513459481285 629.6296296296296 641.5002990995843 648.1481481481482 609.4252841446049 
3 500.0 288.67513459481285 648.1481481481482 609.4252841446049 666.6666666666667 577.3502691896256 
3 500.0 288.67513459481285 666.6666666666667 577.3502691896256 685.1851851851852 545.2752542346465 
3 500.0 288.67513459481285 685.1851851851852 545.2752542346465 703.7037037037037 513.2002392796674 
3 500.0 288.67513459481285 703.7037037037037 513.2002392796674 722.2222222222222 481.1252243246882 
3 500.0 288.67513459481285 722.2222222222222 481.1252243246882 740.7407407407408 449.05020936970885 
3 500.0 288.67513459481285 740.7407407407408 449.05020936970885 759.2592592592592 416.97519441472974 
3 500.0 288.67513459481285 759.2592592592592 416.97519441472974 777.7777777777778 384.9001794597504 
3 500.0 288.67513459481285 777.7777777777778 384.9001794597504 796.2962962962963 352.82516450477124 
3 500.0 288.67513459481285 796.2962962962963 352.82516450477124 814.8148148148148 320.7501495497921 
3 500.0 288.67513459481285 814.8148148148148 320.7501495497921 833.3333333333334 288.6751345948128 
3 500.0 288.67513459481285 833.3333333333334 288.6751345948128 851.8518518518518 256.6001196398337 
3 500.0 288.67513459481285 851.8518518518518 256.6001196398337 870.3703703703704 224.52510468485434 
3 500.0 288.67513459481285 870.3703703703704 224.52510468485434 888.8888888888889 192.4500897298752 
3 500.0 288.67513459481285 888.8888888888889 192.4500897298752 907.4074074074074 160.37507477489606 
3 500.0 288.67513459481285 907.4074074074074 160.37507477489606 925.9259259259259 128.30005981991692 
3 500.0 288.67513459481285 925.9259259259259 128.30005981991692 944.4444444444445 96.2250448649376 
3 500.0 288.67513459481285 944.4444444444445 96.2250448649376 962.962962962963 64.15002990995826 
3 500.0 288.67513459481285 962.962962962963 64.15002990995826 981.4814814814815 32.07501495497913 
3 500.0 288.67513459481285 981.4814814814815 32.07501495497913 1000.0 0.0 
