5 71.79258218695078 0.0 114.47324623847584 80.04259814771362 156.39654180198852 73.46007144948645 166.84159799495328 0.0 71.79258218695078 0.0 
8 611.0776779993862 346.57793427034625 572.5589912247817 352.3595664901916 540.5882374607775 417.1533604518197 552.6536748129035 436.77140365875994 611.141859494281 465.8889060517092 640.7222030133169 447.9865356174075 619.9345573043992 351.53056812587755 611.0776779993862 346.57793427034625 
8 828.662567275388 94.13170165655963 862.3556665915465 120.91610620887928 891.9789875383087 100.56175856907143 886.41946040486 70.85218151999304 838.537116645899 58.683314430193036 838.5141156210751 58.701286042379664 828.0824670263229 91.94119828017261 828.662567275388 94.13170165655963 
10 411.8928782476438 184.23803712234664 360.43875370483516 138.08658998657816 307.3687583203608 159.68905648679336 304.0489208508474 192.28473175300556 310.6255995860668 209.87642349834294 317.7089203386114 217.26101689743467 389.847450787236 215.76500447097337 406.18242006723983 208.4031305051621 411.88907476707175 185.9721603274156 411.8928782476438 184.23803712234664 
5 577.7392586956714 731.3770579807951 523.0398031852425 710.9099816691057 430.0288613327881 744.8318365493802 500.0 866.0254037844386 577.7392586956714 731.3770579807951 
5 668.8434452737804 11.578608902523648 593.489475191271 61.100708956616316 659.9655059357075 125.13688118893486 675.0192107722722 112.46540572930374 668.8434452737804 11.578608902523648 
8 350.8254795086955 303.9013172109784 337.36282588710014 300.1408518139041 289.1936425188571 337.96460151129946 296.9416930629322 378.5042601913205 332.2834670938367 393.7287497322087 337.8957137331448 389.4164793555034 361.9852838340712 312.6870476225405 350.8254795086955 303.9013172109784 
6 764.3273607395373 211.12106490861473 746.8387251283808 219.36352302985017 737.1223113432477 293.7148666261117 803.696352185045 302.5729767459939 789.5194023364504 230.60654494576426 764.3273607395373 211.12106490861473 
6 665.1975250105882 579.8948971814697 623.5255766809408 558.4243138328851 616.8760272400766 561.2033979883189 564.1029893089094 623.9922949776042 594.472439090386 702.3943393649339 665.1975250105882 579.8948971814697 
5 430.26548596703583 564.2052229814539 353.05700617606544 514.6469437829436 308.46657351217516 534.2797777597673 353.544135335976 612.3564051199177 430.26548596703583 564.2052229814539 
7 292.2361810226028 143.83346518516777 289.62419398902443 92.82540748684552 240.07255858660602 70.07651083620841 217.77731189871866 93.88928438879589 217.84816454310095 125.53428617832378 234.21211905973982 145.6080481767113 292.2361810226028 143.83346518516777 
6 411.8928782476438 184.23803712234664 411.88907476707175 185.9721603274156 516.836504040547 205.81433554892382 494.08353428966365 140.44848718999606 449.0483416990224 139.86222544237438 411.8928782476438 184.23803712234664 
9 430.68233766365717 564.1927305962295 474.99232513009207 606.1942051497696 497.2776754123416 597.8762359074856 529.4585075361517 549.0442104666204 527.0733785598062 529.4749907472119 509.1570100998106 500.1323458929346 455.26209758477876 493.4815714958564 453.1315822856803 494.85246833220515 430.68233766365717 564.1927305962295 
7 328.511345542833 0.0 327.4893721446415 70.657740973632 365.20935073855134 99.65769566566385 423.90566425974134 69.38180356740699 429.4232233900639 55.72626706895419 429.2166872812298 0.0 328.511345542833 0.0 
6 238.83140292130363 413.6681243026519 296.9416930629322 378.5042601913205 289.1936425188571 337.96460151129946 256.34575914558445 324.21917054185474 208.12926632975064 360.49046382516246 238.83140292130363 413.6681243026519 
7 402.47650023013574 387.7733706844078 411.8407923219175 412.4267675452118 470.88070205625513 422.53396387490017 492.32325408866484 406.3747263201557 471.35144182400865 346.7676102720601 408.91513419680973 367.6499647278018 402.47650023013574 387.7733706844078 
7 956.0667825837168 76.09456470497244 913.4199478598348 36.84540463745269 908.39476320353 38.940938274287085 886.41946040486 70.85218151999304 891.9789875383087 100.56175856907143 938.2173434141359 107.01070023329652 956.0667825837168 76.09456470497244 
6 715.3787137526122 443.24485700804644 736.2271513640233 456.86797549468685 798.1740637379548 349.57277589102006 701.8814071717824 340.36680770516296 700.9827598872429 341.8918392907654 715.3787137526122 443.24485700804644 
5 95.50733022719739 165.42354844876462 121.27203049138352 147.01487280050674 106.42625802661323 92.53778594726418 58.71696798884648 101.70077182307747 95.50733022719739 165.42354844876462 
6 429.2166872812298 0.0 429.4232233900639 55.72626706895419 511.43421114353185 87.40150557988731 534.0312738005904 66.44044656320239 509.48107807645624 0.0 429.2166872812298 0.0 
7 177.40197525732367 205.6311540070193 160.72774060132363 155.01800243419157 150.19111606073437 148.4339304267494 121.27203049138352 147.01487280050674 95.50733022719739 165.42354844876462 144.2521261296248 249.85201155634417 177.40197525732367 205.6311540070193 
8 758.9482777357592 71.43301234661008 762.2136234765458 13.816444516705054 758.0233837492276 0.0 671.4546683318681 0.0 668.8434452737804 11.578608902523648 675.0192107722722 112.46540572930374 731.5196367305178 113.46587544776973 758.9482777357592 71.43301234661008 
6 828.662567275388 94.13170165655963 772.9547054720522 158.7241487641642 775.2161780739275 165.80203943994587 865.1482283398047 165.20470908210626 862.3556665915465 120.91610620887928 828.662567275388 94.13170165655963 
6 527.0733785598062 529.4749907472119 609.7224367965175 481.5787897870333 611.141859494281 465.8889060517092 552.6536748129035 436.77140365875994 509.1570100998106 500.1323458929346 527.0733785598062 529.4749907472119 
8 389.847450787236 215.76500447097337 350.8254795086955 303.9013172109784 361.9852838340712 312.6870476225405 377.09693815491175 315.4131269828623 419.0298821574406 293.60643158476665 418.72458471253344 226.070864101463 406.18242006723983 208.4031305051621 389.847450787236 215.76500447097337 
8 611.0776779993862 346.57793427034625 619.9345573043992 351.53056812587755 700.9827598872429 341.8918392907654 701.8814071717824 340.36680770516296 703.4196611248285 323.1613136191801 668.9972407485396 268.6270031748294 620.717038079679 276.6979958526793 611.0776779993862 346.57793427034625 
8 640.7222030133169 447.9865356174075 611.141859494281 465.8889060517092 609.7224367965175 481.5787897870333 623.5255766809408 558.4243138328851 665.1975250105882 579.8948971814697 736.2271513640233 456.86797549468685 715.3787137526122 443.24485700804644 640.7222030133169 447.9865356174075 
6 292.2361810226028 143.83346518516777 234.21211905973982 145.6080481767113 226.76668849412061 195.2976980103817 304.0489208508474 192.28473175300556 307.3687583203608 159.68905648679336 292.2361810226028 143.83346518516777 
7 240.07255858660602 70.07651083620841 239.6520891360397 0.0 166.84159799495328 0.0 156.39654180198852 73.46007144948645 163.4736403846164 80.53335822456434 217.77731189871866 93.88928438879589 240.07255858660602 70.07651083620841 
6 580.9427021454852 59.23624483244283 583.0914236152282 0.0 509.48107807645624 0.0 534.0312738005904 66.44044656320239 559.7002404949545 71.60320320057116 580.9427021454852 59.23624483244283 
5 868.4729484866034 227.8115357909318 789.5194023364504 230.60654494576426 803.696352185045 302.5729767459939 816.4330955690891 317.94720506247813 868.4729484866034 227.8115357909318 
8 402.47650023013574 387.7733706844078 337.8957137331448 389.4164793555034 332.2834670938367 393.7287497322087 335.0555139552381 431.5993493296379 376.7467728067993 462.9564958328955 383.6068173386738 460.89281203804893 411.8407923219175 412.4267675452118 402.47650023013574 387.7733706844078 
9 525.8627276862996 217.8638009116945 482.37902985200435 247.80188377039184 474.6337291825243 315.17940808523883 478.3330014066639 320.7027793619067 538.2561747653291 314.2065567368826 567.0323406086144 233.30713775348357 566.467752465441 231.43438370511683 562.5005374131554 226.1002283521717 525.8627276862996 217.8638009116945 
5 529.4585075361517 549.0442104666204 497.2776754123416 597.8762359074856 564.1029893089094 623.9922949776042 616.8760272400766 561.2033979883189 529.4585075361517 549.0442104666204 
6 455.26209758477876 493.4815714958564 470.88070205625513 422.53396387490017 411.8407923219175 412.4267675452118 383.6068173386738 460.89281203804893 453.1315822856803 494.85246833220515 455.26209758477876 493.4815714958564 
6 271.0312663469287 469.43992375261325 335.0555139552381 431.5993493296379 332.2834670938367 393.7287497322087 296.9416930629322 378.5042601913205 238.83140292130363 413.6681243026519 271.0312663469287 469.43992375261325 
7 164.87151507843475 285.56584083670725 242.5377739768628 270.561803466749 244.60895850780267 247.08561243398142 221.59608336714686 201.4836488939289 177.40197525732367 205.6311540070193 144.2521261296248 249.85201155634417 164.87151507843475 285.56584083670725 
6 411.8928782476438 184.23803712234664 449.0483416990224 139.86222544237438 423.90566425974134 69.38180356740699 365.20935073855134 99.65769566566385 360.43875370483516 138.08658998657816 411.8928782476438 184.23803712234664 
7 572.5589912247817 352.3595664901916 538.2561747653291 314.2065567368826 478.3330014066639 320.7027793619067 471.35144182400865 346.7676102720601 492.32325408866484 406.3747263201557 540.5882374607775 417.1533604518197 572.5589912247817 352.3595664901916 
6 58.71696798884648 101.70077182307747 106.42625802661323 92.53778594726418 114.47324623847584 80.04259814771362 71.79258218695078 0.0 0.0 0.0 58.71696798884648 101.70077182307747 
6 304.0489208508474 192.28473175300556 226.76668849412061 195.2976980103817 221.59608336714686 201.4836488939289 244.60895850780267 247.08561243398142 310.6255995860668 209.87642349834294 304.0489208508474 192.28473175300556 
5 430.0288613327881 744.8318365493802 523.0398031852425 710.9099816691057 470.0780632802867 628.1126787688715 398.32113906201454 689.9124505841173 430.0288613327881 744.8318365493802 
6 503.81438409555744 130.73643009280758 581.7068085348593 140.4615863633941 559.7002404949545 71.60320320057116 534.0312738005904 66.44044656320239 511.43421114353185 87.40150557988731 503.81438409555744 130.73643009280758 
6 217.77731189871866 93.88928438879589 163.4736403846164 80.53335822456434 150.19111606073437 148.4339304267494 160.72774060132363 155.01800243419157 217.84816454310095 125.53428617832378 217.77731189871866 93.88928438879589 
5 886.41946040486 70.85218151999304 908.39476320353 38.940938274287085 854.3619685130687 27.96938795058693 838.537116645899 58.683314430193036 886.41946040486 70.85218151999304 
6 689.3051593735726 218.55312093488126 668.9972407485396 268.6270031748294 703.4196611248285 323.1613136191801 737.1223113432477 293.7148666261117 746.8387251283808 219.36352302985017 689.3051593735726 218.55312093488126 
6 529.4585075361517 549.0442104666204 616.8760272400766 561.2033979883189 623.5255766809408 558.4243138328851 609.7224367965175 481.5787897870333 527.0733785598062 529.4749907472119 529.4585075361517 549.0442104666204 
7 430.68233766365717 564.1927305962295 453.1315822856803 494.85246833220515 383.6068173386738 460.89281203804893 376.7467728067993 462.9564958328955 353.05700617606544 514.6469437829436 430.26548596703583 564.2052229814539 430.68233766365717 564.1927305962295 
11 731.5196367305178 113.46587544776973 675.0192107722722 112.46540572930374 659.9655059357075 125.13688118893486 658.1553428174066 127.97238754434667 674.490485315681 200.92725090091176 689.3051593735726 218.55312093488126 746.8387251283808 219.36352302985017 764.3273607395373 211.12106490861473 775.2161780739275 165.80203943994587 772.9547054720522 158.7241487641642 731.5196367305178 113.46587544776973 
6 337.36282588710014 300.1408518139041 315.79719391906474 271.6486954889176 250.15778197625625 278.02507205053826 256.34575914558445 324.21917054185474 289.1936425188571 337.96460151129946 337.36282588710014 300.1408518139041 
6 938.2173434141359 107.01070023329652 891.9789875383087 100.56175856907143 862.3556665915465 120.91610620887928 865.1482283398047 165.20470908210626 889.1155899181573 192.05743202905433 938.2173434141359 107.01070023329652 
8 594.472439090386 702.3943393649339 564.1029893089094 623.9922949776042 497.2776754123416 597.8762359074856 474.99232513009207 606.1942051497696 470.0780632802867 628.1126787688715 523.0398031852425 710.9099816691057 577.7392586956714 731.3770579807951 594.472439090386 702.3943393649339 
5 640.7222030133169 447.9865356174075 715.3787137526122 443.24485700804644 700.9827598872429 341.8918392907654 619.9345573043992 351.53056812587755 640.7222030133169 447.9865356174075 
7 775.2161780739275 165.80203943994587 764.3273607395373 211.12106490861473 789.5194023364504 230.60654494576426 868.4729484866034 227.8115357909318 889.1155899181573 192.05743202905433 865.1482283398047 165.20470908210626 775.2161780739275 165.80203943994587 
7 292.2361810226028 143.83346518516777 307.3687583203608 159.68905648679336 360.43875370483516 138.08658998657816 365.20935073855134 99.65769566566385 327.4893721446415 70.657740973632 289.62419398902443 92.82540748684552 292.2361810226028 143.83346518516777 
7 419.0298821574406 293.60643158476665 377.09693815491175 315.4131269828623 408.91513419680973 367.6499647278018 471.35144182400865 346.7676102720601 478.3330014066639 320.7027793619067 474.6337291825243 315.17940808523883 419.0298821574406 293.60643158476665 
6 389.847450787236 215.76500447097337 317.7089203386114 217.26101689743467 315.79719391906474 271.6486954889176 337.36282588710014 300.1408518139041 350.8254795086955 303.9013172109784 389.847450787236 215.76500447097337 
5 418.72458471253344 226.070864101463 419.0298821574406 293.60643158476665 474.6337291825243 315.17940808523883 482.37902985200435 247.80188377039184 418.72458471253344 226.070864101463 
7 737.1223113432477 293.7148666261117 703.4196611248285 323.1613136191801 701.8814071717824 340.36680770516296 798.1740637379548 349.57277589102006 816.4330955690891 317.94720506247813 803.696352185045 302.5729767459939 737.1223113432477 293.7148666261117 
6 256.34575914558445 324.21917054185474 250.15778197625625 278.02507205053826 242.5377739768628 270.561803466749 164.87151507843475 285.56584083670725 208.12926632975064 360.49046382516246 256.34575914558445 324.21917054185474 
7 411.88907476707175 185.9721603274156 406.18242006723983 208.4031305051621 418.72458471253344 226.070864101463 482.37902985200435 247.80188377039184 525.8627276862996 217.8638009116945 516.836504040547 205.81433554892382 411.88907476707175 185.9721603274156 
7 398.32113906201454 689.9124505841173 470.0780632802867 628.1126787688715 474.99232513009207 606.1942051497696 430.68233766365717 564.1927305962295 430.26548596703583 564.2052229814539 353.544135335976 612.3564051199177 398.32113906201454 689.9124505841173 
6 828.662567275388 94.13170165655963 828.0824670263229 91.94119828017261 758.9482777357592 71.43301234661008 731.5196367305178 113.46587544776973 772.9547054720522 158.7241487641642 828.662567275388 94.13170165655963 
6 611.0776779993862 346.57793427034625 620.717038079679 276.6979958526793 567.0323406086144 233.30713775348357 538.2561747653291 314.2065567368826 572.5589912247817 352.3595664901916 611.0776779993862 346.57793427034625 
7 758.0233837492276 0.0 762.2136234765458 13.816444516705054 838.5141156210751 58.701286042379664 838.537116645899 58.683314430193036 854.3619685130687 27.96938795058693 849.3334789415692 0.0 758.0233837492276 0.0 
8 589.6610406113792 147.50351874904888 658.1553428174066 127.97238754434667 659.9655059357075 125.13688118893486 593.489475191271 61.100708956616316 580.9427021454852 59.23624483244283 559.7002404949545 71.60320320057116 581.7068085348593 140.4615863633941 589.6610406113792 147.50351874904888 
6 376.7467728067993 462.9564958328955 335.0555139552381 431.5993493296379 271.0312663469287 469.43992375261325 308.46657351217516 534.2797777597673 353.05700617606544 514.6469437829436 376.7467728067993 462.9564958328955 
6 849.3334789415692 0.0 854.3619685130687 27.96938795058693 908.39476320353 38.940938274287085 913.4199478598348 36.84540463745269 921.2462624903807 0.0 849.3334789415692 0.0 
6 562.5005374131554 226.1002283521717 566.467752465441 231.43438370511683 674.490485315681 200.92725090091176 658.1553428174066 127.97238754434667 589.6610406113792 147.50351874904888 562.5005374131554 226.1002283521717 
7 674.490485315681 200.92725090091176 566.467752465441 231.43438370511683 567.0323406086144 233.30713775348357 620.717038079679 276.6979958526793 668.9972407485396 268.6270031748294 689.3051593735726 218.55312093488126 674.490485315681 200.92725090091176 
5 828.0824670263229 91.94119828017261 838.5141156210751 58.701286042379664 762.2136234765458 13.816444516705054 758.9482777357592 71.43301234661008 828.0824670263229 91.94119828017261 
6 289.62419398902443 92.82540748684552 327.4893721446415 70.657740973632 328.511345542833 0.0 239.6520891360397 0.0 240.07255858660602 70.07651083620841 289.62419398902443 92.82540748684552 
7 163.4736403846164 80.53335822456434 156.39654180198852 73.46007144948645 114.47324623847584 80.04259814771362 106.42625802661323 92.53778594726418 121.27203049138352 147.01487280050674 150.19111606073437 148.4339304267494 163.4736403846164 80.53335822456434 
8 516.836504040547 205.81433554892382 525.8627276862996 217.8638009116945 562.5005374131554 226.1002283521717 589.6610406113792 147.50351874904888 581.7068085348593 140.4615863633941 503.81438409555744 130.73643009280758 494.08353428966365 140.44848718999606 516.836504040547 205.81433554892382 
7 310.6255995860668 209.87642349834294 244.60895850780267 247.08561243398142 242.5377739768628 270.561803466749 250.15778197625625 278.02507205053826 315.79719391906474 271.6486954889176 317.7089203386114 217.26101689743467 310.6255995860668 209.87642349834294 
7 234.21211905973982 145.6080481767113 217.84816454310095 125.53428617832378 160.72774060132363 155.01800243419157 177.40197525732367 205.6311540070193 221.59608336714686 201.4836488939289 226.76668849412061 195.2976980103817 234.21211905973982 145.6080481767113 
5 921.2462624903807 0.0 913.4199478598348 36.84540463745269 956.0667825837168 76.09456470497244 1000.0 0.0 921.2462624903807 0.0 
7 455.26209758477876 493.4815714958564 509.1570100998106 500.1323458929346 552.6536748129035 436.77140365875994 540.5882374607775 417.1533604518197 492.32325408866484 406.3747263201557 470.88070205625513 422.53396387490017 455.26209758477876 493.4815714958564 
6 583.0914236152282 0.0 580.9427021454852 59.23624483244283 593.489475191271 61.100708956616316 668.8434452737804 11.578608902523648 671.4546683318681 0.0 583.0914236152282 0.0 
6 377.09693815491175 315.4131269828623 361.9852838340712 312.6870476225405 337.8957137331448 389.4164793555034 402.47650023013574 387.7733706844078 408.91513419680973 367.6499647278018 377.09693815491175 315.4131269828623 
7 449.0483416990224 139.86222544237438 494.08353428966365 140.44848718999606 503.81438409555744 130.73643009280758 511.43421114353185 87.40150557988731 429.4232233900639 55.72626706895419 423.90566425974134 69.38180356740699 449.0483416990224 139.86222544237438 
