6 331.8919747944562 247.2138352241369 325.60150319885577 240.2591278743362 253.7054119326856 230.04685983537036 221.61481279083276 307.30995921620547 312.81984935293514 313.47043008986793 331.8919747944562 247.2138352241369 
7 616.5206058119004 374.6698646847333 671.3022509019037 439.8771522292536 697.4447432048805 435.8086075106496 731.8547079702446 372.6607691432563 703.6038475016034 322.86737517651346 627.4180254417887 352.5149550837081 616.5206058119004 374.6698646847333 
7 350.4102765048088 105.83421009859237 351.26675637504104 103.98220811430261 329.0938315240419 14.148946880310412 263.9649345232123 55.42288372759521 273.91319855830847 100.58319409532457 299.14108040001656 125.30899569806601 350.4102765048088 105.83421009859237 
7 591.8132699652098 600.6968735822162 559.3044151588783 545.1221273175479 556.8097460249186 545.7805510675437 542.9284488740457 625.6369418632066 552.0138110606381 643.2240268921323 585.1498983483093 629.6277161861391 591.8132699652098 600.6968735822162 
8 815.8141473949329 170.02489320036966 834.0102056731317 151.15597509405367 821.4413542266601 92.16169514686695 778.8143509205329 59.151390366424174 765.4062921214348 66.3720813551547 746.6553994352664 114.60217117664786 776.8325833379213 162.07856876891057 815.8141473949329 170.02489320036966 
6 331.8919747944562 247.2138352241369 325.60150319885577 240.2591278743362 253.7054119326856 230.04685983537036 221.61481279083276 307.30995921620547 312.81984935293514 313.47043008986793 331.8919747944562 247.2138352241369 
5 62.801636501152316 108.77562521846794 92.33309926199084 68.66456839236626 80.04478899624313 0.0 0.0 0.0 62.801636501152316 108.77562521846794 
7 425.3192017762397 736.6744669110863 502.61958048258396 791.8727468058873 517.5586100025515 786.6698331810537 522.2523653106094 730.6821659820924 468.5871584170578 691.5907398096415 423.67323638608815 733.8235712278438 425.3192017762397 736.6744669110863 
7 593.1018878644096 0.0 581.1853171578094 56.90525280902334 644.4588394281154 128.78867383961648 654.9249131815114 126.99896748563056 674.6170968080036 64.06729154388407 631.7607011897074 0.0 593.1018878644096 0.0 
7 429.592012236704 406.74173525343537 405.7216394635663 340.49638475957113 365.150700793675 326.6445518287455 350.5718729567428 334.6162058487126 385.36356498805713 451.55195204642126 421.8524025639347 452.47012886931384 429.592012236704 406.74173525343537 
6 884.2960276994298 0.0 883.4256550741245 41.66673661355495 931.4509732101806 61.73202452052972 968.5857148954925 54.41113788446114 1000.0 0.0 884.2960276994298 0.0 
5 231.69993830408237 194.8421525557381 200.74739433181423 128.03089084216833 165.33413961864332 140.76026348834193 126.19378412867879 205.88686526993823 231.69993830408237 194.8421525557381 
7 731.3045014908978 213.84679917126192 700.9991408169349 191.32074813388292 629.8068414164434 236.27905547827143 631.46387353295 245.54886290622878 703.4721004909258 275.05869921843305 731.6533525436153 215.31244358438616 731.3045014908978 213.84679917126192 
6 337.15284913295784 0.0 329.0938315240419 14.148946880310412 351.26675637504104 103.98220811430261 404.0057417968464 68.33942444510902 423.7034918319568 0.0 337.15284913295784 0.0 
7 335.6499246669248 332.7831006370145 312.81984935293514 313.47043008986793 221.61481279083276 307.30995921620547 191.81197664798412 332.2280890545235 200.97496414991306 348.09884895698315 305.7478526924168 377.35355442038264 335.6499246669248 332.7831006370145 
5 594.8613098353081 380.20539703979193 526.7356722217532 347.5383363955583 480.41017771313017 450.31559449840626 552.3941625900576 449.33728504761734 594.8613098353081 380.20539703979193 
7 200.74739433181423 128.03089084216833 201.11125363861524 127.23756749645898 186.4786188358905 76.71184943307719 150.5615098614143 73.89901141896492 138.7313417620549 113.31600859577283 165.33413961864332 140.76026348834193 200.74739433181423 128.03089084216833 
6 565.0233552641465 143.53443495156023 553.0348638119929 79.20545289930274 496.1356895505953 88.05137683765261 474.54862606759536 133.6495864643414 477.69646929644523 138.19984100817203 565.0233552641465 143.53443495156023 
6 370.05528218388736 255.39193365455787 382.36880929847666 283.6429146686346 444.77699766819086 288.6835117968768 471.1744659612886 245.2380062571978 406.1969607195722 215.62722135570678 370.05528218388736 255.39193365455787 
6 472.49204929430516 672.1210682553327 468.5871584170578 691.5907398096415 522.2523653106094 730.6821659820924 573.302683820572 714.0485473946778 547.572783033097 650.7403872408718 472.49204929430516 672.1210682553327 
7 439.74788881428776 596.8196585789823 491.95301638741216 582.5661572773798 535.7855588220244 546.4963118904287 459.7093887354579 458.99654032717945 433.58611803208845 459.7905317835025 437.27206186770593 595.3573997116648 439.74788881428776 596.8196585789823 
6 874.6687233311206 217.08013896797092 825.6597568579566 211.53740716841867 804.4318834117967 254.378379834495 810.8794867336151 295.4945899933938 822.254473203577 307.8642832294998 874.6687233311206 217.08013896797092 
8 629.8068414164434 236.27905547827143 700.9991408169349 191.32074813388292 682.0609160462687 138.53166568059245 654.9249131815114 126.99896748563056 644.4588394281154 128.78867383961648 597.3536466143261 176.4062072649035 594.9228943162641 186.58656270329402 629.8068414164434 236.27905547827143 
7 671.3022509019037 439.8771522292536 659.2196214551942 464.9999143764579 676.5455538286357 522.738670561558 692.9377611281711 531.8473988118587 736.5900841639211 456.23935744553035 697.4447432048805 435.8086075106496 671.3022509019037 439.8771522292536 
6 778.8143509205329 59.151390366424174 821.4413542266601 92.16169514686695 864.4680562961308 82.79092353147847 882.6753678202465 42.1925335043874 790.027288590317 35.982841006907975 778.8143509205329 59.151390366424174 
7 703.3813806240041 0.0 728.3373002328364 50.950202282697404 765.4062921214348 66.3720813551547 778.8143509205329 59.151390366424174 790.027288590317 35.982841006907975 793.1389074609598 0.0 703.3813806240041 0.0 
6 221.5562998951943 0.0 225.46771082279776 32.03915497705414 263.9649345232123 55.42288372759521 329.0938315240419 14.148946880310412 337.15284913295784 0.0 221.5562998951943 0.0 
8 616.5206058119004 374.6698646847333 627.4180254417887 352.5149550837081 609.0345826906514 285.46463997480635 533.1383419617837 280.1577953627924 524.7971844166915 344.7768429870391 526.7356722217532 347.5383363955583 594.8613098353081 380.20539703979193 616.5206058119004 374.6698646847333 
7 423.67323638608815 733.8235712278438 468.5871584170578 691.5907398096415 472.49204929430516 672.1210682553327 439.74788881428776 596.8196585789823 437.27206186770593 595.3573997116648 353.8700635594356 612.9209293625704 423.67323638608815 733.8235712278438 
7 731.8547079702446 372.6607691432563 783.5176066484267 374.9585042290358 822.254473203577 307.8642832294998 810.8794867336151 295.4945899933938 712.8907061847499 301.7493002527982 703.6038475016034 322.86737517651346 731.8547079702446 372.6607691432563 
6 458.3657265532895 0.0 496.1356895505953 88.05137683765261 553.0348638119929 79.20545289930274 581.1853171578094 56.90525280902334 593.1018878644096 0.0 458.3657265532895 0.0 
7 731.8547079702446 372.6607691432563 783.5176066484267 374.9585042290358 822.254473203577 307.8642832294998 810.8794867336151 295.4945899933938 712.8907061847499 301.7493002527982 703.6038475016034 322.86737517651346 731.8547079702446 372.6607691432563 
6 591.8132699652098 600.6968735822162 640.4415084734542 583.1945253482755 636.4806956651853 553.13385615473 581.2049867374946 523.3683691090039 559.3044151588783 545.1221273175479 591.8132699652098 600.6968735822162 
10 400.47518944020396 159.28698565674108 393.7664351449486 178.68101955354066 406.1969607195722 215.62722135570678 471.1744659612886 245.2380062571978 502.95782109786364 233.23460681270132 505.0893522168312 228.39939365226513 477.69646929644523 138.19984100817203 474.54862606759536 133.6495864643414 452.2696550349389 133.5234134676975 400.47518944020396 159.28698565674108 
7 423.7034918319568 0.0 404.0057417968464 68.33942444510902 452.2696550349389 133.5234134676975 474.54862606759536 133.6495864643414 496.1356895505953 88.05137683765261 458.3657265532895 0.0 423.7034918319568 0.0 
8 472.51467586978686 342.55390947301476 524.7971844166915 344.7768429870391 533.1383419617837 280.1577953627924 502.95782109786364 233.23460681270132 471.1744659612886 245.2380062571978 444.77699766819086 288.6835117968768 445.9485868523729 308.139801445001 472.51467586978686 342.55390947301476 
7 815.8141473949329 170.02489320036966 776.8325833379213 162.07856876891057 731.3045014908978 213.84679917126192 731.6533525436153 215.31244358438616 804.4318834117967 254.378379834495 825.6597568579566 211.53740716841867 815.8141473949329 170.02489320036966 
6 133.6978916988933 0.0 143.73199249753353 26.459645408827722 218.83568342979822 36.735913087605866 225.46771082279776 32.03915497705414 221.5562998951943 0.0 133.6978916988933 0.0 
9 472.51467586978686 342.55390947301476 429.592012236704 406.74173525343537 421.8524025639347 452.47012886931384 433.58611803208845 459.7905317835025 459.7093887354579 458.99654032717945 480.41017771313017 450.31559449840626 526.7356722217532 347.5383363955583 524.7971844166915 344.7768429870391 472.51467586978686 342.55390947301476 
8 629.8068414164434 236.27905547827143 594.9228943162641 186.58656270329402 505.0893522168312 228.39939365226513 502.95782109786364 233.23460681270132 533.1383419617837 280.1577953627924 609.0345826906514 285.46463997480635 631.46387353295 245.54886290622878 629.8068414164434 236.27905547827143 
6 517.5586100025515 786.6698331810537 539.8646467783738 796.9778101385083 584.9596243057034 718.8710178949967 573.302683820572 714.0485473946778 522.2523653106094 730.6821659820924 517.5586100025515 786.6698331810537 
6 776.8325833379213 162.07856876891057 746.6553994352664 114.60217117664786 682.0609160462687 138.53166568059245 700.9991408169349 191.32074813388292 731.3045014908978 213.84679917126192 776.8325833379213 162.07856876891057 
5 783.5176066484267 374.9585042290358 731.8547079702446 372.6607691432563 697.4447432048805 435.8086075106496 736.5900841639211 456.23935744553035 783.5176066484267 374.9585042290358 
5 287.4386755089084 497.8583900417332 329.62725858535634 468.32473600984133 305.7478526924168 377.35355442038264 200.97496414991306 348.09884895698315 287.4386755089084 497.8583900417332 
6 340.6304934603397 189.81702052798232 296.1119761635576 147.92090825772993 247.2615169993587 204.00513246110827 253.7054119326856 230.04685983537036 325.60150319885577 240.2591278743362 340.6304934603397 189.81702052798232 
6 80.04478899624313 0.0 92.33309926199084 68.66456839236626 138.53762164163447 63.32953666485646 143.73199249753353 26.459645408827722 133.6978916988933 0.0 80.04478899624313 0.0 
7 472.49204929430516 672.1210682553327 547.572783033097 650.7403872408718 552.0138110606381 643.2240268921323 542.9284488740457 625.6369418632066 491.95301638741216 582.5661572773798 439.74788881428776 596.8196585789823 472.49204929430516 672.1210682553327 
6 882.6753678202465 42.1925335043874 864.4680562961308 82.79092353147847 897.5607310146605 128.24719452028154 931.4509732101806 61.73202452052972 883.4256550741245 41.66673661355495 882.6753678202465 42.1925335043874 
6 731.6533525436153 215.31244358438616 703.4721004909258 275.05869921843305 712.8907061847499 301.7493002527982 810.8794867336151 295.4945899933938 804.4318834117967 254.378379834495 731.6533525436153 215.31244358438616 
6 968.5857148954925 54.41113788446114 931.4509732101806 61.73202452052972 897.5607310146605 128.24719452028154 898.6297188682123 144.44031479825733 910.486522424987 155.04189112209977 968.5857148954925 54.41113788446114 
6 539.8646467783738 796.9778101385083 517.5586100025515 786.6698331810537 502.61958048258396 791.8727468058873 477.54520588328177 827.1325595007838 500.0 866.0254037844386 539.8646467783738 796.9778101385083 
6 594.9228943162641 186.58656270329402 597.3536466143261 176.4062072649035 565.0233552641465 143.53443495156023 477.69646929644523 138.19984100817203 505.0893522168312 228.39939365226513 594.9228943162641 186.58656270329402 
7 585.1498983483093 629.6277161861391 552.0138110606381 643.2240268921323 547.572783033097 650.7403872408718 573.302683820572 714.0485473946778 584.9596243057034 718.8710178949967 623.3380707907432 652.3975986673444 585.1498983483093 629.6277161861391 
7 815.8141473949329 170.02489320036966 825.6597568579566 211.53740716841867 874.6687233311206 217.08013896797092 910.486522424987 155.04189112209977 898.6297188682123 144.44031479825733 834.0102056731317 151.15597509405367 815.8141473949329 170.02489320036966 
7 616.5206058119004 374.6698646847333 594.8613098353081 380.20539703979193 552.3941625900576 449.33728504761734 586.3581835602052 496.66091467442834 659.2196214551942 464.9999143764579 671.3022509019037 439.8771522292536 616.5206058119004 374.6698646847333 
9 559.3044151588783 545.1221273175479 581.2049867374946 523.3683691090039 586.3581835602052 496.66091467442834 552.3941625900576 449.33728504761734 480.41017771313017 450.31559449840626 459.7093887354579 458.99654032717945 535.7855588220244 546.4963118904287 556.8097460249186 545.7805510675437 559.3044151588783 545.1221273175479 
5 674.6170968080036 64.06729154388407 728.3373002328364 50.950202282697404 703.3813806240041 0.0 631.7607011897074 0.0 674.6170968080036 64.06729154388407 
7 393.7664351449486 178.68101955354066 340.6304934603397 189.81702052798232 325.60150319885577 240.2591278743362 331.8919747944562 247.2138352241369 370.05528218388736 255.39193365455787 406.1969607195722 215.62722135570678 393.7664351449486 178.68101955354066 
7 263.9649345232123 55.42288372759521 225.46771082279776 32.03915497705414 218.83568342979822 36.735913087605866 186.4786188358905 76.71184943307719 201.11125363861524 127.23756749645898 273.91319855830847 100.58319409532457 263.9649345232123 55.42288372759521 
6 120.87564734895459 209.36276260616756 126.19378412867879 205.88686526993823 165.33413961864332 140.76026348834193 138.7313417620549 113.31600859577283 72.49376189395451 125.5628788321298 120.87564734895459 209.36276260616756 
8 350.5718729567428 334.6162058487126 365.150700793675 326.6445518287455 382.36880929847666 283.6429146686346 370.05528218388736 255.39193365455787 331.8919747944562 247.2138352241369 312.81984935293514 313.47043008986793 335.6499246669248 332.7831006370145 350.5718729567428 334.6162058487126 
7 400.47518944020396 159.28698565674108 350.4102765048088 105.83421009859237 299.14108040001656 125.30899569806601 296.1119761635576 147.92090825772993 340.6304934603397 189.81702052798232 393.7664351449486 178.68101955354066 400.47518944020396 159.28698565674108 
6 793.1389074609598 0.0 790.027288590317 35.982841006907975 882.6753678202465 42.1925335043874 883.4256550741245 41.66673661355495 884.2960276994298 0.0 793.1389074609598 0.0 
7 631.46387353295 245.54886290622878 609.0345826906514 285.46463997480635 627.4180254417887 352.5149550837081 703.6038475016034 322.86737517651346 712.8907061847499 301.7493002527982 703.4721004909258 275.05869921843305 631.46387353295 245.54886290622878 
6 218.83568342979822 36.735913087605866 143.73199249753353 26.459645408827722 138.53762164163447 63.32953666485646 150.5615098614143 73.89901141896492 186.4786188358905 76.71184943307719 218.83568342979822 36.735913087605866 
7 150.5615098614143 73.89901141896492 138.53762164163447 63.32953666485646 92.33309926199084 68.66456839236626 62.801636501152316 108.77562521846794 72.49376189395451 125.5628788321298 138.7313417620549 113.31600859577283 150.5615098614143 73.89901141896492 
8 231.69993830408237 194.8421525557381 247.2615169993587 204.00513246110827 296.1119761635576 147.92090825772993 299.14108040001656 125.30899569806601 273.91319855830847 100.58319409532457 201.11125363861524 127.23756749645898 200.74739433181423 128.03089084216833 231.69993830408237 194.8421525557381 
8 191.81197664798412 332.2280890545235 221.61481279083276 307.30995921620547 253.7054119326856 230.04685983537036 247.2615169993587 204.00513246110827 231.69993830408237 194.8421525557381 126.19378412867879 205.88686526993823 120.87564734895459 209.36276260616756 191.81197664798412 332.2280890545235 
4 477.54520588328177 827.1325595007838 502.61958048258396 791.8727468058873 425.3192017762397 736.6744669110863 477.54520588328177 827.1325595007838 
6 644.4588394281154 128.78867383961648 581.1853171578094 56.90525280902334 553.0348638119929 79.20545289930274 565.0233552641465 143.53443495156023 597.3536466143261 176.4062072649035 644.4588394281154 128.78867383961648 
7 765.4062921214348 66.3720813551547 728.3373002328364 50.950202282697404 674.6170968080036 64.06729154388407 654.9249131815114 126.99896748563056 682.0609160462687 138.53166568059245 746.6553994352664 114.60217117664786 765.4062921214348 66.3720813551547 
5 556.8097460249186 545.7805510675437 535.7855588220244 546.4963118904287 491.95301638741216 582.5661572773798 542.9284488740457 625.6369418632066 556.8097460249186 545.7805510675437 
6 400.47518944020396 159.28698565674108 452.2696550349389 133.5234134676975 404.0057417968464 68.33942444510902 351.26675637504104 103.98220811430261 350.4102765048088 105.83421009859237 400.47518944020396 159.28698565674108 
6 834.0102056731317 151.15597509405367 898.6297188682123 144.44031479825733 897.5607310146605 128.24719452028154 864.4680562961308 82.79092353147847 821.4413542266601 92.16169514686695 834.0102056731317 151.15597509405367 
5 472.51467586978686 342.55390947301476 445.9485868523729 308.139801445001 405.7216394635663 340.49638475957113 429.592012236704 406.74173525343537 472.51467586978686 342.55390947301476 
6 350.5718729567428 334.6162058487126 335.6499246669248 332.7831006370145 305.7478526924168 377.35355442038264 329.62725858535634 468.32473600984133 385.36356498805713 451.55195204642126 350.5718729567428 334.6162058487126 
6 445.9485868523729 308.139801445001 444.77699766819086 288.6835117968768 382.36880929847666 283.6429146686346 365.150700793675 326.6445518287455 405.7216394635663 340.49638475957113 445.9485868523729 308.139801445001 
6 692.9377611281711 531.8473988118587 676.5455538286357 522.738670561558 636.4806956651853 553.13385615473 640.4415084734542 583.1945253482755 655.0398061340293 597.488582364671 692.9377611281711 531.8473988118587 
6 581.2049867374946 523.3683691090039 636.4806956651853 553.13385615473 676.5455538286357 522.738670561558 659.2196214551942 464.9999143764579 586.3581835602052 496.66091467442834 581.2049867374946 523.3683691090039 
8 353.8700635594356 612.9209293625704 437.27206186770593 595.3573997116648 433.58611803208845 459.7905317835025 421.8524025639347 452.47012886931384 385.36356498805713 451.55195204642126 329.62725858535634 468.32473600984133 287.4386755089084 497.8583900417332 353.8700635594356 612.9209293625704 
6 655.0398061340293 597.488582364671 640.4415084734542 583.1945253482755 591.8132699652098 600.6968735822162 585.1498983483093 629.6277161861391 623.3380707907432 652.3975986673444 655.0398061340293 597.488582364671 
