243
7 527.0275072975959 588.842858172986 526.0734654063115 585.3700400579335 524.5644671746845 583.79751227508 519.1724527567785 585.0485289032116 519.7103084996567 590.4902690760565 525.1197938609133 591.9292405336911 527.0275072975959 588.842858172986 
5 408.1324556198681 179.193164113881 427.41374801868477 247.57245966126072 490.85721781719735 260.6394770760266 468.87344487291966 150.9798730947659 408.1324556198681 179.193164113881 
7 785.8190587560731 72.40845521543817 777.9420031475768 92.48419615731507 792.7391675471891 128.04444172454888 798.2834911964844 129.99106210862385 840.5583551822423 99.87671078427935 805.6415373093638 69.7388345270432 785.8190587560731 72.40845521543817 
7 703.9772545768395 169.3094453384824 682.1786213253177 161.31579799198687 639.4097439851481 207.86781650285576 639.7806796301946 211.37513593279277 687.4483218431368 238.28573647138296 697.8301615881471 231.79056051718692 703.9772545768395 169.3094453384824 
7 525.5286499043219 512.8339564388658 526.5951888961566 511.9835405692249 527.0778366157393 502.0015699376434 522.6426247660555 497.1332352826998 515.6374238077109 510.84215367301493 516.7226575509062 512.9325876361066 525.5286499043219 512.8339564388658 
10 523.0112802508974 723.0454439703126 529.0752269236166 726.3864232460446 564.5072001802844 713.1519896185216 574.7245983647886 685.7691731140715 573.6321906935732 683.1032182200071 568.0961085400792 676.583572314395 554.544680912151 670.4689017701529 526.4948209493598 691.0325080449082 525.4022426430531 693.3671645271559 523.0112802508974 723.0454439703126 
8 468.9053844607271 491.1431961132933 481.66404229566575 452.32307191093906 456.0797854390943 424.53025930352095 409.77992699156243 438.59891817083974 408.54937061658006 441.33726554092345 420.3506343631833 515.0927215843375 438.1248754328141 512.3382167955295 468.9053844607271 491.1431961132933 
7 226.98633273775323 153.05729628559413 222.38408666101887 145.56692163705907 196.0338190358438 133.03877094165955 145.3328762320833 148.1698462737738 165.64525393708246 218.22955894598186 203.33371018521294 212.41119678564425 226.98633273775323 153.05729628559413 
7 674.1429630758157 139.67213305594225 641.6281467807563 120.47834971293365 634.9405544996814 123.73849461136251 629.6737848230232 193.08075460703213 639.4097439851481 207.86781650285576 682.1786213253177 161.31579799198687 674.1429630758157 139.67213305594225 
7 518.7700542332177 645.2452217590118 509.6411400369801 667.3500634426252 526.4948209493598 691.0325080449082 554.544680912151 670.4689017701529 545.1129995092052 647.3651022013754 519.1396824015959 645.0733560984191 518.7700542332177 645.2452217590118 
8 628.705814774658 535.7982044085115 640.989829985343 487.49169622602005 615.5782786491396 471.98512151067126 611.5685561806152 475.07044624488503 600.2748796193484 527.4402773472859 601.6035278256588 530.4226790826472 622.8101347325712 537.1904548121618 628.705814774658 535.7982044085115 
6 509.6411400369801 667.3500634426252 499.7161195239732 669.0304859873137 501.5426510669395 688.5705029424231 525.4022426430531 693.3671645271559 526.4948209493598 691.0325080449082 509.6411400369801 667.3500634426252 
6 719.7699420699565 418.8045534281889 670.130448773707 385.42159672575207 652.7749151935006 429.18725408024864 682.3511936147431 456.14173162716247 709.2982125548863 444.4892811170438 719.7699420699565 418.8045534281889 
8 536.6615612498963 585.7388763362615 536.6059658363721 593.8434432236495 538.6894084714343 596.0385516376217 549.0190283459286 592.3985198238535 549.286073776683 577.9350099943831 544.7695906336311 577.9456741666829 540.7627811228324 580.6237187544444 536.6615612498963 585.7388763362615 
6 517.1904240961853 578.0467808349288 520.6591622368207 576.4473269466539 517.2732648336105 559.2808869533853 510.75700160673955 570.6721515194353 512.8749441306296 575.8341506304295 517.1904240961853 578.0467808349288 
7 390.04839638329463 176.7147650087208 408.1324556198681 179.193164113881 468.87344487291966 150.9798730947659 479.6625040399741 135.74981832871813 412.4073362200145 86.48285100785242 359.0143589288037 125.8951888377161 390.04839638329463 176.7147650087208 
8 496.3116668083759 765.2223110663441 522.3940092638061 782.5821267043461 547.6706013884491 783.4575001522813 554.8173779746265 771.0789199946782 529.0752269236166 726.3864232460446 523.0112802508974 723.0454439703126 507.64597022436976 727.5837041398449 496.3116668083759 765.2223110663441 
8 717.0916838145247 289.3975320643255 748.8975985283257 280.18676808122933 749.7761819205282 279.0186098506705 733.0332553437423 225.59771979848276 697.8301615881471 231.79056051718692 687.4483218431368 238.28573647138296 687.6846270881363 262.7075928648798 717.0916838145247 289.3975320643255 
9 579.9841896488945 104.40356691769068 593.4384001640589 120.90129351644984 634.9405544996814 123.73849461136251 641.6281467807563 120.47834971293365 647.4770048047083 104.15770607416809 638.6959068830542 55.15849583276999 637.888087815552 54.57106443908386 585.3580805534037 77.78750670980452 579.9841896488945 104.40356691769068 
7 543.0724304832793 502.56337467017255 547.4801323561647 511.1208508373241 557.8106088729686 509.82051924351566 559.3667490488572 506.8980743474714 558.8192508565334 501.71526900600617 553.8363988559207 497.2848756689078 543.0724304832793 502.56337467017255 
6 527.0275072975959 588.842858172986 528.0492814194153 588.875054176653 532.1768376123208 586.0790329833518 530.8741315038278 583.4497210764282 526.0734654063115 585.3700400579335 527.0275072975959 588.842858172986 
6 483.5984232761729 615.4610258512676 485.035062924605 607.0069134536822 473.2653338058909 584.028127232816 440.0467776774983 590.4860985343004 450.4011002058053 617.4246407651873 483.5984232761729 615.4610258512676 
8 515.6374238077109 510.84215367301493 492.6576875267802 495.0991226930023 483.5110124816957 495.278859937952 500.39689597857125 518.1444254870228 510.03626672645186 520.78453084535 514.0819689527381 519.3218020121385 516.7226575509062 512.9325876361066 515.6374238077109 510.84215367301493 
5 833.2543536629815 288.8119313966273 811.793226176527 277.5011424816452 801.781577608817 294.09724144808087 819.4337985850127 312.74983498047317 833.2543536629815 288.8119313966273 
7 341.67480731469016 225.8394866941482 398.5398711448447 268.215381999384 427.41374801868477 247.57245966126072 408.1324556198681 179.193164113881 390.04839638329463 176.7147650087208 345.59208202387714 216.81279022399875 341.67480731469016 225.8394866941482 
6 552.5311593993977 490.27626912334364 552.6283379095631 490.3456373117767 561.2466951988362 486.96824843944995 559.0287794877331 474.3643814688217 549.1339567444979 477.00238522656144 552.5311593993977 490.27626912334364 
6 731.3192796985129 465.36865857637827 709.2982125548863 444.4892811170438 682.3511936147431 456.14173162716247 679.3699307380218 476.9140304051807 710.3423677607947 501.7017358384044 731.3192796985129 465.36865857637827 
5 596.9354306472055 698.1283128499094 574.7245983647886 685.7691731140715 564.5072001802844 713.1519896185216 578.1007856724119 730.7508748887738 596.9354306472055 698.1283128499094 
5 529.1622662740613 603.4475728053444 537.8111655288818 607.0569771379454 538.2294101209843 597.0026223092914 530.637413613523 598.85016690834 529.1622662740613 603.4475728053444 
6 536.764057232107 514.9865990800372 536.7050740002284 525.6173899463182 538.0064491153556 526.0623122445304 547.4657667191776 521.040989751008 547.3008026175731 511.4130096868402 536.764057232107 514.9865990800372 
8 313.3587474066966 245.08035530542082 238.6128095506953 261.2896066449576 238.0571968546256 264.34222216126915 244.84813493940146 303.7780136291894 264.7890911021575 300.15536744843666 314.0204466783911 269.37768775571664 313.44314837133373 245.11604977977396 313.3587474066966 245.08035530542082 
6 234.0269430092658 330.91037726992244 222.60458144502414 385.562445060386 232.5164980663867 402.7303882489723 253.2009617522719 385.29700484215795 260.8752747887142 357.0663526538206 234.0269430092658 330.91037726992244 
6 62.323888460594105 68.6013917886991 46.47279268815912 80.493238105507 69.658453018345 120.65197980442315 92.14529232141419 86.78435322768003 91.31338878359209 85.19786070765494 62.323888460594105 68.6013917886991 
7 805.6415373093638 69.7388345270432 840.5583551822423 99.87671078427935 861.4464664495147 101.255082692088 894.9724306665643 77.23484045628771 890.1325161942193 56.94499753380615 835.556369996489 29.642571014598424 805.6415373093638 69.7388345270432 
6 525.5286499043219 512.8339564388658 516.7226575509062 512.9325876361066 514.0819689527381 519.3218020121385 517.0285942778006 522.6607850953433 527.9051468678947 523.8216473574533 525.5286499043219 512.8339564388658 
7 549.1339567444979 477.00238522656144 559.0287794877331 474.3643814688217 569.7831045955952 463.65374688963476 561.1835129246809 444.31896654701404 553.5907763419876 444.75252162086815 536.0643968749771 472.63432026388114 549.1339567444979 477.00238522656144 
7 516.4075226667098 619.2575970994328 522.0651886082725 604.8788835195453 514.8916566261714 600.8617177690674 506.475389726768 606.6480168399817 508.5138768549125 616.0700540940228 515.5079760272457 619.7983991304106 516.4075226667098 619.2575970994328 
6 760.9581313785936 317.611024137987 756.8972420943618 321.332902018958 750.2370408914737 356.86363618430727 781.1946040510784 350.1753508953356 784.104750507635 337.74756657117734 760.9581313785936 317.611024137987 
7 526.0734654063115 585.3700400579335 530.8741315038278 583.4497210764282 531.4806548093408 581.9427440798544 528.4928378621871 578.0512025631443 525.776179410724 577.3846905889048 524.5644671746845 583.79751227508 526.0734654063115 585.3700400579335 
6 661.8622800992266 585.6717108236334 649.9002996205329 582.8120968883482 623.4986789496198 589.5315723647901 623.3468177645555 589.6917877671885 645.3902845300594 614.2020440514804 661.8622800992266 585.6717108236334 
6 478.00710825519866 827.9325978770805 522.3940092638061 782.5821267043461 496.3116668083759 765.2223110663441 452.80801267022025 779.7650107597004 451.23494986357747 781.5618593145111 478.00710825519866 827.9325978770805 
8 539.8137291643719 500.85150701886226 538.6616551389963 491.168283534844 527.5300454911426 477.78814638460597 519.3539864134333 487.0592562759306 522.6426247660555 497.1332352826998 527.0778366157393 502.0015699376434 537.5641665101699 502.31379454411797 539.8137291643719 500.85150701886226 
7 525.97603255538 595.0172686031633 525.1197938609133 591.9292405336911 519.7103084996567 590.4902690760565 515.1425086050531 594.4003703147009 515.6645813889176 596.760214721288 524.5697883743474 596.7956388408872 525.97603255538 595.0172686031633 
5 578.1007856724119 730.7508748887738 564.5072001802844 713.1519896185216 529.0752269236166 726.3864232460446 554.8173779746265 771.0789199946782 578.1007856724119 730.7508748887738 
6 496.3116668083759 765.2223110663441 507.64597022436976 727.5837041398449 488.1559236224675 720.2606194939278 461.68596727266225 734.2301136410355 452.80801267022025 779.7650107597004 496.3116668083759 765.2223110663441 
7 734.5414077573167 224.6017434602955 733.0332553437423 225.59771979848276 749.7761819205282 279.0186098506705 771.4894274604019 269.98821291355193 789.0804306674386 245.26837727139426 782.997957509216 231.9499450581078 734.5414077573167 224.6017434602955 
6 399.1391993403864 691.3293725499113 412.04441554869436 683.8440229117251 417.2822428857727 649.9527963456613 394.06419009832484 625.8724498297536 364.3698540974015 631.1071000431582 399.1391993403864 691.3293725499113 
7 145.3328762320833 148.1698462737738 133.42242723756445 144.74179074408428 93.21340065424282 161.4503458794226 138.63438892390872 240.12180529247394 147.41647870508467 236.37357592673916 165.64525393708246 218.22955894598186 145.3328762320833 148.1698462737738 
8 721.8124552707362 104.51205026712323 723.3439237848105 105.65816406761849 777.9420031475768 92.48419615731507 785.8190587560731 72.40845521543817 762.8604928607215 42.00409150843079 710.9968711865471 66.51483917590002 711.1463067645778 82.17607026957519 721.8124552707362 104.51205026712323 
7 579.9841896488945 104.40356691769068 585.3580805534037 77.78750670980452 573.6127061609023 57.054922113898044 564.2748542462674 50.93986456349459 539.5967006685421 51.57925147592364 508.62087613989297 108.40290513544369 579.9841896488945 104.40356691769068 
9 242.30481041455727 308.1628007309126 235.23438226736596 314.2385982214827 231.60161999811126 320.6958549813018 234.0269430092658 330.91037726992244 260.8752747887142 357.0663526538206 278.1097629076435 347.23517740167944 279.20784614984905 340.7623694619014 279.08038572507377 340.01913547227986 242.30481041455727 308.1628007309126 
6 541.8173733813998 531.2736470129395 541.3657619420181 538.1801642917163 555.8453946601862 544.8585650189059 559.2802412113537 544.9288966984813 556.7647920674559 532.3428924464064 541.8173733813998 531.2736470129395 
6 475.63739617939854 633.0090546747143 484.9924106636183 617.8784574052679 483.5984232761729 615.4610258512676 450.4011002058053 617.4246407651873 450.2198512619965 624.4260786815879 475.63739617939854 633.0090546747143 
6 857.394646798741 246.99971717588565 849.2218980115138 242.00974702002955 808.7347564938113 253.47300059540657 811.793226176527 277.5011424816452 833.2543536629815 288.8119313966273 857.394646798741 246.99971717588565 
7 196.0338190358438 133.03877094165955 186.76621630848985 83.35551971420561 166.27858345796335 76.01155836276912 127.81717814661054 104.52935808066046 133.42242723756445 144.74179074408428 145.3328762320833 148.1698462737738 196.0338190358438 133.03877094165955 
7 554.5673753573091 626.6278138971937 545.1129995092052 647.3651022013754 554.544680912151 670.4689017701529 568.0961085400792 676.583572314395 598.8524460464504 634.4248666073903 560.1540009813249 622.7930494549015 554.5673753573091 626.6278138971937 
6 488.0669694651353 681.5045214570637 472.114266298318 680.2649159174023 469.13173081453806 696.3874678101055 483.04233240128355 705.7803776848999 490.9828435490888 690.8670278680211 488.0669694651353 681.5045214570637 
5 231.60161999811126 320.6958549813018 192.40167706202485 333.24948013288645 222.60458144502414 385.562445060386 234.0269430092658 330.91037726992244 231.60161999811126 320.6958549813018 
6 649.4189099195925 315.81953921354403 651.9736809637122 363.4690246817862 669.0286680925992 378.1590087457751 714.7073141840664 354.1932114248333 711.3324236655357 323.58588715585114 649.4189099195925 315.81953921354403 
8 514.8916566261714 600.8617177690674 515.6645813889176 596.760214721288 515.1425086050531 594.4003703147009 506.5853973346751 588.0512102064771 501.29206669480743 592.9920503856731 500.98356521498 601.9078488154868 506.475389726768 606.6480168399817 514.8916566261714 600.8617177690674 
6 628.705814774658 535.7982044085115 622.8101347325712 537.1904548121618 623.4986789496198 589.5315723647901 649.9002996205329 582.8120968883482 648.742962179733 538.2176049319787 628.705814774658 535.7982044085115 
7 538.6616551389963 491.168283534844 552.5311593993977 490.27626912334364 549.1339567444979 477.00238522656144 536.0643968749771 472.63432026388114 527.8904994253197 476.3263091453537 527.5300454911426 477.78814638460597 538.6616551389963 491.168283534844 
7 770.4844197558319 0.0 762.8604928607215 42.00409150843079 785.8190587560731 72.40845521543817 805.6415373093638 69.7388345270432 835.556369996489 29.642571014598424 819.9296585031906 0.0 770.4844197558319 0.0 
6 549.0190283459286 592.3985198238535 563.0637639807165 610.0972113519025 581.4934532068727 588.9937106055543 554.273233998864 573.2706206824346 549.286073776683 577.9350099943831 549.0190283459286 592.3985198238535 
8 311.0169917915341 445.9800802412028 307.89558562452254 456.4100218038465 328.42904062214086 495.85033560144086 341.1332344506502 496.2523353993389 356.3009481898007 491.66890874956084 355.80445963679017 446.87502156283807 335.10269790830466 430.1063045371606 311.0169917915341 445.9800802412028 
5 528.0492814194153 588.875054176653 532.5571926715949 590.9668957018196 533.3211387350717 586.5637704312581 532.1768376123208 586.0790329833518 528.0492814194153 588.875054176653 
7 438.1240202293932 692.7855698190724 442.06375147158457 697.7328271449448 469.13173081453806 696.3874678101055 472.114266298318 680.2649159174023 466.3818547462289 665.9825054424753 459.34971390968775 663.096774609195 438.1240202293932 692.7855698190724 
6 915.1905298830018 0.0 890.1325161942193 56.94499753380615 894.9724306665643 77.23484045628771 939.5828898703049 104.6455043911161 1000.0 0.0 915.1905298830018 0.0 
9 517.482799670582 558.7144642017935 527.1145085498433 558.2285950276698 529.3802551996353 556.3914373618546 527.1716307701801 537.9884916931109 526.0314977940492 536.126682499733 517.9915845371233 535.7663513513794 516.9517272582465 536.2186844310804 509.6353082424307 552.9194580077298 517.482799670582 558.7144642017935 
8 591.5533226029063 585.5977244353488 612.2358712567168 595.6081925280293 623.3468177645555 589.6917877671885 623.4986789496198 589.5315723647901 622.8101347325712 537.1904548121618 601.6035278256588 530.4226790826472 586.1320035473614 549.4456793300593 591.5533226029063 585.5977244353488 
6 776.0015770098507 387.97664943424286 740.7190611740555 366.4868230660932 740.6987366959822 366.4924033422325 730.7222849197477 413.6291243953872 755.3366923912292 423.76927952624413 776.0015770098507 387.97664943424286 
7 539.8137291643719 500.85150701886226 543.0724304832793 502.56337467017255 553.8363988559207 497.2848756689078 552.6283379095631 490.3456373117767 552.5311593993977 490.27626912334364 538.6616551389963 491.168283534844 539.8137291643719 500.85150701886226 
6 532.5571926715949 590.9668957018196 533.8027348113756 592.6566612972714 536.6059658363721 593.8434432236495 536.6615612498963 585.7388763362615 533.3211387350717 586.5637704312581 532.5571926715949 590.9668957018196 
6 260.8752747887142 357.0663526538206 253.2009617522719 385.29700484215795 299.04323278826274 379.9822526259334 300.41997461933994 371.8060833544228 278.1097629076435 347.23517740167944 260.8752747887142 357.0663526538206 
6 305.49028029574396 0.0 309.0071549358681 85.54028414811344 317.98282474652683 92.16333398272425 362.16394871011556 50.48012355075508 330.6268226876303 0.0 305.49028029574396 0.0 
8 504.02371104757754 642.5752515075745 518.7700542332177 645.2452217590118 519.1396824015959 645.0733560984191 515.5079760272457 619.7983991304106 508.5138768549125 616.0700540940228 497.08705804163134 621.7410530802689 503.75988414150083 642.3456573188361 504.02371104757754 642.5752515075745 
6 524.0450993961844 604.2741181914441 524.5697883743474 596.7956388408872 515.6645813889176 596.760214721288 514.8916566261714 600.8617177690674 522.0651886082725 604.8788835195453 524.0450993961844 604.2741181914441 
6 897.1087879237166 178.2128069684672 878.6911051153784 174.1410624005638 839.5921884519942 207.1049940510629 849.2218980115138 242.00974702002955 857.394646798741 246.99971717588565 897.1087879237166 178.2128069684672 
8 551.5651191379194 180.83620894232362 482.6272456445726 134.31096785000378 479.6625040399741 135.74981832871813 468.87344487291966 150.9798730947659 490.85721781719735 260.6394770760266 507.36881977606396 276.1572137595127 551.8905009915618 266.0850949975067 551.5651191379194 180.83620894232362 
10 482.6272456445726 134.31096785000378 494.50093902571143 115.56712024435774 476.5180557616692 43.07162370150843 474.75363434337095 41.09854701443089 444.87637315991606 39.72663053807864 426.7516832482731 48.32027182658234 410.40673171603 72.47807064507313 412.4073362200145 86.48285100785242 479.6625040399741 135.74981832871813 482.6272456445726 134.31096785000378 
7 313.44314837133373 245.11604977977396 314.0204466783911 269.37768775571664 330.97754746700326 305.01480979251625 391.0172139109595 311.70276212115755 398.5398711448447 268.215381999384 341.67480731469016 225.8394866941482 313.44314837133373 245.11604977977396 
8 507.64597022436976 727.5837041398449 523.0112802508974 723.0454439703126 525.4022426430531 693.3671645271559 501.5426510669395 688.5705029424231 490.9828435490888 690.8670278680211 483.04233240128355 705.7803776848999 488.1559236224675 720.2606194939278 507.64597022436976 727.5837041398449 
8 721.8124552707362 104.51205026712323 674.1429630758157 139.67213305594225 682.1786213253177 161.31579799198687 703.9772545768395 169.3094453384824 743.0356682799525 159.29295730181965 743.6718417584744 156.52937658565025 723.3439237848105 105.65816406761849 721.8124552707362 104.51205026712323 
6 314.0204466783911 269.37768775571664 264.7890911021575 300.15536744843666 290.4567087853845 321.475771566166 328.5888372014376 309.484924236543 330.97754746700326 305.01480979251625 314.0204466783911 269.37768775571664 
8 155.4622813062875 59.93938961246869 166.27858345796335 76.01155836276912 186.76621630848985 83.35551971420561 217.19651546985276 52.14072613345656 182.79174817814675 8.477594702393631 177.64271493885377 13.338193724039481 157.96689665835447 40.71142060526095 155.4622813062875 59.93938961246869 
7 245.19367121868058 424.6878962450935 276.5563202098939 424.99121422065303 303.61729173806384 388.63305941965405 299.04323278826274 379.9822526259334 253.2009617522719 385.29700484215795 232.5164980663867 402.7303882489723 245.19367121868058 424.6878962450935 
8 335.10269790830466 430.1063045371606 355.80445963679017 446.87502156283807 408.54937061658006 441.33726554092345 409.77992699156243 438.59891817083974 401.8761769748026 414.26495495495914 359.44147136177867 388.50544031792714 337.2286434561786 409.7358671217535 335.10269790830466 430.1063045371606 
6 265.0670398609947 0.0 239.58229844500815 52.82125955503517 262.99297323474815 79.92730723151287 309.0071549358681 85.54028414811344 305.49028029574396 0.0 265.0670398609947 0.0 
7 573.6321906935732 683.1032182200071 618.4219777656609 660.912521561522 625.4993930944146 648.6540786258538 607.5979083092433 632.5181016527846 598.8524460464504 634.4248666073903 568.0961085400792 676.583572314395 573.6321906935732 683.1032182200071 
6 573.6127061609023 57.054922113898044 603.1626032243846 25.60537758801557 594.8984040619014 0.0 568.8556653927888 0.0 564.2748542462674 50.93986456349459 573.6127061609023 57.054922113898044 
5 46.47279268815912 80.493238105507 62.323888460594105 68.6013917886991 63.87419312241104 41.89298485468744 7.5293498052106 13.041216410583583 46.47279268815912 80.493238105507 
7 116.98037960285475 92.92386895828832 127.18350651522299 60.05620587479201 116.0937519733269 47.279611938817766 98.58348012938325 55.78414859986387 91.31338878359209 85.19786070765494 92.14529232141419 86.78435322768003 116.98037960285475 92.92386895828832 
8 527.1039092827956 595.34126667561 525.97603255538 595.0172686031633 524.5697883743474 596.7956388408872 524.0450993961844 604.2741181914441 525.2079050699083 604.6190570043269 529.1622662740613 603.4475728053444 530.637413613523 598.85016690834 527.1039092827956 595.34126667561 
6 492.4362743748004 668.1080211129885 488.0669694651353 681.5045214570637 490.9828435490888 690.8670278680211 501.5426510669395 688.5705029424231 499.7161195239732 669.0304859873137 492.4362743748004 668.1080211129885 
7 527.1039092827956 595.34126667561 530.637413613523 598.85016690834 538.2294101209843 597.0026223092914 538.6894084714343 596.0385516376217 536.6059658363721 593.8434432236495 533.8027348113756 592.6566612972714 527.1039092827956 595.34126667561 
6 403.4936180476728 14.999165818408944 384.45562360663814 21.131884144346053 371.30077221613004 49.134253342124474 410.40673171603 72.47807064507313 426.7516832482731 48.32027182658234 403.4936180476728 14.999165818408944 
4 527.6207103272469 26.997936135176822 563.1872229239501 0.0 513.4589381465697 0.0 527.6207103272469 26.997936135176822 
8 662.7234320582335 489.7813408292806 679.3699307380218 476.9140304051807 682.3511936147431 456.14173162716247 652.7749151935006 429.18725408024864 621.595705770073 438.7417720874321 615.5782786491396 471.98512151067126 640.989829985343 487.49169622602005 662.7234320582335 489.7813408292806 
6 309.71410182202976 536.4405601763161 343.6846633626003 538.4778062819379 341.1332344506502 496.2523353993389 328.42904062214086 495.85033560144086 299.87331026497344 519.3958092127997 309.71410182202976 536.4405601763161 
6 116.98037960285475 92.92386895828832 127.81717814661054 104.52935808066046 166.27858345796335 76.01155836276912 155.4622813062875 59.93938961246869 127.18350651522299 60.05620587479201 116.98037960285475 92.92386895828832 
6 760.9581313785936 317.611024137987 784.104750507635 337.74756657117734 796.6371839008926 327.00753822199795 784.4635352189423 306.69684389716747 763.3308635144427 312.09584510944717 760.9581313785936 317.611024137987 
7 547.3008026175731 511.4130096868402 547.4657667191776 521.040989751008 558.1449737508538 526.5439324039953 562.2925148103677 522.2864051881521 557.8106088729686 509.82051924351566 547.4801323561647 511.1208508373241 547.3008026175731 511.4130096868402 
7 519.1724527567785 585.0485289032116 517.5093950581258 583.873013714991 506.60911700911555 587.9473744334243 506.5853973346751 588.0512102064771 515.1425086050531 594.4003703147009 519.7103084996567 590.4902690760565 519.1724527567785 585.0485289032116 
7 743.0356682799525 159.29295730181965 703.9772545768395 169.3094453384824 697.8301615881471 231.79056051718692 733.0332553437423 225.59771979848276 734.5414077573167 224.6017434602955 747.6092195621405 168.4757313985834 743.0356682799525 159.29295730181965 
6 531.4806548093408 581.9427440798544 540.7627811228324 580.6237187544444 544.7695906336311 577.9456741666829 537.7238432677042 574.2875427727719 528.4928378621871 578.0512025631443 531.4806548093408 581.9427440798544 
7 516.9517272582465 536.2186844310804 517.9915845371233 535.7663513513794 517.0285942778006 522.6607850953433 514.0819689527381 519.3218020121385 510.03626672645186 520.78453084535 507.9724541342766 532.2733975271353 516.9517272582465 536.2186844310804 
6 710.3423677607947 501.7017358384044 679.3699307380218 476.9140304051807 662.7234320582335 489.7813408292806 666.5586682956086 533.4688908778163 686.9592583627829 542.2024693547023 710.3423677607947 501.7017358384044 
6 558.8192508565334 501.71526900600617 559.3667490488572 506.8980743474714 578.4501586333124 507.57304691889806 574.4256092803586 490.8975270571634 571.2784198720403 491.2244453044467 558.8192508565334 501.71526900600617 
8 530.9550913358321 616.4903276622466 516.4075226667098 619.2575970994328 515.5079760272457 619.7983991304106 519.1396824015959 645.0733560984191 545.1129995092052 647.3651022013754 554.5673753573091 626.6278138971937 542.7534813188123 618.3566847850345 530.9550913358321 616.4903276622466 
6 697.214471949692 0.0 694.5726108954265 47.24113935385495 710.9968711865471 66.51483917590002 762.8604928607215 42.00409150843079 770.4844197558319 0.0 697.214471949692 0.0 
6 279.20784614984905 340.7623694619014 278.1097629076435 347.23517740167944 300.41997461933994 371.8060833544228 324.8508770682809 346.46976445884076 324.29925845754246 339.1537431422877 279.20784614984905 340.7623694619014 
7 370.5663769510379 557.6539229920231 340.66096276776983 590.0420956691069 364.3698540974015 631.1071000431582 394.06419009832484 625.8724498297536 421.75443081964755 579.6246867802356 407.6981010316532 543.3937656258499 370.5663769510379 557.6539229920231 
5 747.6092195621405 168.4757313985834 734.5414077573167 224.6017434602955 782.997957509216 231.9499450581078 797.4979154106439 193.98400113341566 747.6092195621405 168.4757313985834 
6 503.75988414150083 642.3456573188361 497.08705804163134 621.7410530802689 488.5299009366863 620.2279550826789 488.8362438885707 637.7223822318286 489.15187060707945 638.2026751232216 503.75988414150083 642.3456573188361 
6 475.78225707320064 581.8145716575516 473.2653338058909 584.028127232816 485.035062924605 607.0069134536822 500.98356521498 601.9078488154868 501.29206669480743 592.9920503856731 475.78225707320064 581.8145716575516 
5 618.4219777656609 660.912521561522 573.6321906935732 683.1032182200071 574.7245983647886 685.7691731140715 596.9354306472055 698.1283128499094 618.4219777656609 660.912521561522 
7 516.9517272582465 536.2186844310804 507.9724541342766 532.2733975271353 497.64788779609574 534.8104141072787 483.869014739562 547.7973384026876 485.2562100421213 550.3771010868966 509.6353082424307 552.9194580077298 516.9517272582465 536.2186844310804 
7 430.7784238669843 341.4571702811455 404.73772217447424 331.45881319856557 361.1539498499656 376.138014251002 359.44147136177867 388.50544031792714 401.8761769748026 414.26495495495914 429.9491730136165 362.9490401481998 430.7784238669843 341.4571702811455 
6 182.90218106115566 0.0 182.79174817814675 8.477594702393631 217.19651546985276 52.14072613345656 239.58229844500815 52.82125955503517 265.0670398609947 0.0 182.90218106115566 0.0 
6 508.62087613989297 108.40290513544369 539.5967006685421 51.57925147592364 526.571379425145 31.925111056651176 476.5180557616692 43.07162370150843 494.50093902571143 115.56712024435774 508.62087613989297 108.40290513544369 
6 489.15187060707945 638.2026751232216 488.8362438885707 637.7223822318286 475.9923704661173 633.9242404714522 474.27951399493554 643.3608019312779 482.1629889495546 647.3949453116431 489.15187060707945 638.2026751232216 
6 475.9923704661173 633.9242404714522 488.8362438885707 637.7223822318286 488.5299009366863 620.2279550826789 484.9924106636183 617.8784574052679 475.63739617939854 633.0090546747143 475.9923704661173 633.9242404714522 
5 519.3539864134333 487.0592562759306 492.6576875267802 495.0991226930023 515.6374238077109 510.84215367301493 522.6426247660555 497.1332352826998 519.3539864134333 487.0592562759306 
6 798.2834911964844 129.99106210862385 816.9086132635438 159.07699602798104 856.1487234783276 149.78125939025182 861.4464664495147 101.255082692088 840.5583551822423 99.87671078427935 798.2834911964844 129.99106210862385 
6 536.0643968749771 472.63432026388114 553.5907763419876 444.75252162086815 518.2904887157459 428.4050952869357 504.00833983155064 444.98138200789157 527.8904994253197 476.3263091453537 536.0643968749771 472.63432026388114 
8 536.764057232107 514.9865990800372 547.3008026175731 511.4130096868402 547.4801323561647 511.1208508373241 543.0724304832793 502.56337467017255 539.8137291643719 500.85150701886226 537.5641665101699 502.31379454411797 534.1432540145137 512.2346528521947 536.764057232107 514.9865990800372 
7 715.6754382134416 315.40498057058613 756.8972420943618 321.332902018958 760.9581313785936 317.611024137987 763.3308635144427 312.09584510944717 748.8975985283257 280.18676808122933 717.0916838145247 289.3975320643255 715.6754382134416 315.40498057058613 
7 475.9923704661173 633.9242404714522 475.63739617939854 633.0090546747143 450.2198512619965 624.4260786815879 444.45294520552557 642.1816008671835 454.96317942393733 652.8473654964436 474.27951399493554 643.3608019312779 475.9923704661173 633.9242404714522 
9 391.0172139109595 311.70276212115755 404.73772217447424 331.45881319856557 430.7784238669843 341.4571702811455 482.6399509833882 326.062115612565 507.36881977606396 276.1572137595127 490.85721781719735 260.6394770760266 427.41374801868477 247.57245966126072 398.5398711448447 268.215381999384 391.0172139109595 311.70276212115755 
8 450.2198512619965 624.4260786815879 450.4011002058053 617.4246407651873 440.0467776774983 590.4860985343004 421.75443081964755 579.6246867802356 394.06419009832484 625.8724498297536 417.2822428857727 649.9527963456613 444.45294520552557 642.1816008671835 450.2198512619965 624.4260786815879 
5 512.8749441306296 575.8341506304295 510.75700160673955 570.6721515194353 497.1818728247161 573.3587916358396 506.1209724152438 585.3721036484217 512.8749441306296 575.8341506304295 
7 116.98037960285475 92.92386895828832 92.14529232141419 86.78435322768003 69.658453018345 120.65197980442315 93.21340065424282 161.4503458794226 133.42242723756445 144.74179074408428 127.81717814661054 104.52935808066046 116.98037960285475 92.92386895828832 
5 594.8984040619014 0.0 603.1626032243846 25.60537758801557 637.1348191704765 52.53286777468915 647.4459602050844 0.0 594.8984040619014 0.0 
5 340.66096276776983 590.0420956691069 370.5663769510379 557.6539229920231 343.6846633626003 538.4778062819379 309.71410182202976 536.4405601763161 340.66096276776983 590.0420956691069 
9 527.5300454911426 477.78814638460597 527.8904994253197 476.3263091453537 504.00833983155064 444.98138200789157 481.66404229566575 452.32307191093906 468.9053844607271 491.1431961132933 483.5110124816957 495.278859937952 492.6576875267802 495.0991226930023 519.3539864134333 487.0592562759306 527.5300454911426 477.78814638460597 
10 558.1449737508538 526.5439324039953 556.7647920674559 532.3428924464064 559.2802412113537 544.9288966984813 565.5610956610127 551.1129046696379 586.1320035473614 549.4456793300593 601.6035278256588 530.4226790826472 600.2748796193484 527.4402773472859 589.1140837632681 521.4217282099191 562.2925148103677 522.2864051881521 558.1449737508538 526.5439324039953 
8 669.0286680925992 378.1590087457751 651.9736809637122 363.4690246817862 582.1038059464238 380.6634054396327 590.1288618375736 411.82664629668596 621.595705770073 438.7417720874321 652.7749151935006 429.18725408024864 670.130448773707 385.42159672575207 669.0286680925992 378.1590087457751 
6 328.5888372014376 309.484924236543 290.4567087853845 321.475771566166 279.08038572507377 340.01913547227986 279.20784614984905 340.7623694619014 324.29925845754246 339.1537431422877 328.5888372014376 309.484924236543 
8 504.02371104757754 642.5752515075745 486.5734919433627 659.9247979640769 486.18022016050986 661.6091469184031 492.4362743748004 668.1080211129885 499.7161195239732 669.0304859873137 509.6411400369801 667.3500634426252 518.7700542332177 645.2452217590118 504.02371104757754 642.5752515075745 
7 422.14889134618033 731.1833281704578 443.94771415743355 717.0825830665733 442.06375147158457 697.7328271449448 438.1240202293932 692.7855698190724 412.04441554869436 683.8440229117251 399.1391993403864 691.3293725499113 422.14889134618033 731.1833281704578 
6 524.0450993961844 604.2741181914441 522.0651886082725 604.8788835195453 516.4075226667098 619.2575970994328 530.9550913358321 616.4903276622466 525.2079050699083 604.6190570043269 524.0450993961844 604.2741181914441 
7 222.38408666101887 145.56692163705907 262.99297323474815 79.92730723151287 239.58229844500815 52.82125955503517 217.19651546985276 52.14072613345656 186.76621630848985 83.35551971420561 196.0338190358438 133.03877094165955 222.38408666101887 145.56692163705907 
7 715.6754382134416 315.40498057058613 717.0916838145247 289.3975320643255 687.6846270881363 262.7075928648798 644.6891844231993 306.18910749312573 649.4189099195925 315.81953921354403 711.3324236655357 323.58588715585114 715.6754382134416 315.40498057058613 
7 341.1332344506502 496.2523353993389 343.6846633626003 538.4778062819379 370.5663769510379 557.6539229920231 407.6981010316532 543.3937656258499 416.6933222737688 518.4006943565083 356.3009481898007 491.66890874956084 341.1332344506502 496.2523353993389 
7 939.5828898703049 104.6455043911161 894.9724306665643 77.23484045628771 861.4464664495147 101.255082692088 856.1487234783276 149.78125939025182 878.6911051153784 174.1410624005638 897.1087879237166 178.2128069684672 939.5828898703049 104.6455043911161 
8 506.60911700911555 587.9473744334243 506.1209724152438 585.3721036484217 497.1818728247161 573.3587916358396 484.13411669364416 568.1664029078846 475.78225707320064 581.8145716575516 501.29206669480743 592.9920503856731 506.5853973346751 588.0512102064771 506.60911700911555 587.9473744334243 
8 561.1835129246809 444.31896654701404 569.7831045955952 463.65374688963476 586.1443619316277 475.50761298676326 611.5685561806152 475.07044624488503 615.5782786491396 471.98512151067126 621.595705770073 438.7417720874321 590.1288618375736 411.82664629668596 561.1835129246809 444.31896654701404 
9 538.2294101209843 597.0026223092914 537.8111655288818 607.0569771379454 542.7534813188123 618.3566847850345 554.5673753573091 626.6278138971937 560.1540009813249 622.7930494549015 563.0637639807165 610.0972113519025 549.0190283459286 592.3985198238535 538.6894084714343 596.0385516376217 538.2294101209843 597.0026223092914 
7 574.4256092803586 490.8975270571634 578.4501586333124 507.57304691889806 589.1140837632681 521.4217282099191 600.2748796193484 527.4402773472859 611.5685561806152 475.07044624488503 586.1443619316277 475.50761298676326 574.4256092803586 490.8975270571634 
6 275.7522085427729 477.61683549541124 307.89558562452254 456.4100218038465 311.0169917915341 445.9800802412028 276.5563202098939 424.99121422065303 245.19367121868058 424.6878962450935 275.7522085427729 477.61683549541124 
9 506.475389726768 606.6480168399817 500.98356521498 601.9078488154868 485.035062924605 607.0069134536822 483.5984232761729 615.4610258512676 484.9924106636183 617.8784574052679 488.5299009366863 620.2279550826789 497.08705804163134 621.7410530802689 508.5138768549125 616.0700540940228 506.475389726768 606.6480168399817 
6 721.8124552707362 104.51205026712323 711.1463067645778 82.17607026957519 647.4770048047083 104.15770607416809 641.6281467807563 120.47834971293365 674.1429630758157 139.67213305594225 721.8124552707362 104.51205026712323 
7 740.6987366959822 366.4924033422325 714.7073141840664 354.1932114248333 669.0286680925992 378.1590087457751 670.130448773707 385.42159672575207 719.7699420699565 418.8045534281889 730.7222849197477 413.6291243953872 740.6987366959822 366.4924033422325 
8 560.1540009813249 622.7930494549015 598.8524460464504 634.4248666073903 607.5979083092433 632.5181016527846 612.2358712567168 595.6081925280293 591.5533226029063 585.5977244353488 581.4934532068727 588.9937106055543 563.0637639807165 610.0972113519025 560.1540009813249 622.7930494549015 
8 359.0143589288037 125.8951888377161 412.4073362200145 86.48285100785242 410.40673171603 72.47807064507313 371.30077221613004 49.134253342124474 362.16394871011556 50.48012355075508 317.98282474652683 92.16333398272425 326.71606294011656 113.03126925760759 359.0143589288037 125.8951888377161 
6 538.0064491153556 526.0623122445304 541.8173733813998 531.2736470129395 556.7647920674559 532.3428924464064 558.1449737508538 526.5439324039953 547.4657667191776 521.040989751008 538.0064491153556 526.0623122445304 
7 647.4459602050844 0.0 637.1348191704765 52.53286777468915 637.888087815552 54.57106443908386 638.6959068830542 55.15849583276999 694.5726108954265 47.24113935385495 697.214471949692 0.0 647.4459602050844 0.0 
5 368.2849006360697 0.0 384.45562360663814 21.131884144346053 403.4936180476728 14.999165818408944 410.6687215614525 0.0 368.2849006360697 0.0 
7 497.64788779609574 534.8104141072787 500.39689597857125 518.1444254870228 483.5110124816957 495.278859937952 468.9053844607271 491.1431961132933 438.1248754328141 512.3382167955295 483.869014739562 547.7973384026876 497.64788779609574 534.8104141072787 
6 534.1928551312284 555.6342048462927 538.757417287883 550.4722129083871 539.3936306279885 539.8611029340077 527.1716307701801 537.9884916931109 529.3802551996353 556.3914373618546 534.1928551312284 555.6342048462927 
6 517.1904240961853 578.0467808349288 512.8749441306296 575.8341506304295 506.1209724152438 585.3721036484217 506.60911700911555 587.9473744334243 517.5093950581258 583.873013714991 517.1904240961853 578.0467808349288 
8 391.0172139109595 311.70276212115755 330.97754746700326 305.01480979251625 328.5888372014376 309.484924236543 324.29925845754246 339.1537431422877 324.8508770682809 346.46976445884076 361.1539498499656 376.138014251002 404.73772217447424 331.45881319856557 391.0172139109595 311.70276212115755 
6 810.3200127470278 328.53537510116485 796.6371839008926 327.00753822199795 784.104750507635 337.74756657117734 781.1946040510784 350.1753508953356 792.2497782222393 359.83393940278364 810.3200127470278 328.53537510116485 
8 536.764057232107 514.9865990800372 534.1432540145137 512.2346528521947 526.5951888961566 511.9835405692249 525.5286499043219 512.8339564388658 527.9051468678947 523.8216473574533 531.1853037682388 527.1886834988554 536.7050740002284 525.6173899463182 536.764057232107 514.9865990800372 
7 267.3350383304359 166.65556692477537 226.98633273775323 153.05729628559413 203.33371018521294 212.41119678564425 221.34775889718364 232.0306491399114 223.92617910165444 233.63699575782303 275.8422382548131 207.71682177832537 267.3350383304359 166.65556692477537 
6 203.33371018521294 212.41119678564425 165.64525393708246 218.22955894598186 147.41647870508467 236.37357592673916 187.24197651178122 271.0594792518666 221.34775889718364 232.0306491399114 203.33371018521294 212.41119678564425 
7 480.5020964969894 0.0 474.75363434337095 41.09854701443089 476.5180557616692 43.07162370150843 526.571379425145 31.925111056651176 527.6207103272469 26.997936135176822 513.4589381465697 0.0 480.5020964969894 0.0 
8 519.1724527567785 585.0485289032116 524.5644671746845 583.79751227508 525.776179410724 577.3846905889048 525.4022402239915 576.8637458628107 520.6591622368207 576.4473269466539 517.1904240961853 578.0467808349288 517.5093950581258 583.873013714991 519.1724527567785 585.0485289032116 
6 177.64271493885377 13.338193724039481 182.79174817814675 8.477594702393631 182.90218106115566 0.0 119.9283588044454 0.0 120.17620623515407 21.581317662750696 177.64271493885377 13.338193724039481 
9 531.1853037682388 527.1886834988554 526.0314977940492 536.126682499733 527.1716307701801 537.9884916931109 539.3936306279885 539.8611029340077 541.3657619420181 538.1801642917163 541.8173733813998 531.2736470129395 538.0064491153556 526.0623122445304 536.7050740002284 525.6173899463182 531.1853037682388 527.1886834988554 
12 485.2562100421213 550.3771010868966 483.869014739562 547.7973384026876 438.1248754328141 512.3382167955295 420.3506343631833 515.0927215843375 416.6933222737688 518.4006943565083 407.6981010316532 543.3937656258499 421.75443081964755 579.6246867802356 440.0467776774983 590.4860985343004 473.2653338058909 584.028127232816 475.78225707320064 581.8145716575516 484.13411669364416 568.1664029078846 485.2562100421213 550.3771010868966 
5 534.1432540145137 512.2346528521947 537.5641665101699 502.31379454411797 527.0778366157393 502.0015699376434 526.5951888961566 511.9835405692249 534.1432540145137 512.2346528521947 
6 781.1946040510784 350.1753508953356 750.2370408914737 356.86363618430727 740.7190611740555 366.4868230660932 776.0015770098507 387.97664943424286 792.2497782222393 359.83393940278364 781.1946040510784 350.1753508953356 
7 748.8975985283257 280.18676808122933 763.3308635144427 312.09584510944717 784.4635352189423 306.69684389716747 790.9757981727648 296.625823269196 771.4894274604019 269.98821291355193 749.7761819205282 279.0186098506705 748.8975985283257 280.18676808122933 
7 530.8741315038278 583.4497210764282 532.1768376123208 586.0790329833518 533.3211387350717 586.5637704312581 536.6615612498963 585.7388763362615 540.7627811228324 580.6237187544444 531.4806548093408 581.9427440798544 530.8741315038278 583.4497210764282 
8 577.0205659503719 167.05328290294898 551.5651191379194 180.83620894232362 551.8905009915618 266.0850949975067 572.8067288477548 272.9443686897157 639.7806796301946 211.37513593279277 639.4097439851481 207.86781650285576 629.6737848230232 193.08075460703213 577.0205659503719 167.05328290294898 
7 127.18350651522299 60.05620587479201 155.4622813062875 59.93938961246869 157.96689665835447 40.71142060526095 118.70585196599143 26.750711397372978 118.15886867669913 27.418793681277226 116.0937519733269 47.279611938817766 127.18350651522299 60.05620587479201 
6 585.3580805534037 77.78750670980452 637.888087815552 54.57106443908386 637.1348191704765 52.53286777468915 603.1626032243846 25.60537758801557 573.6127061609023 57.054922113898044 585.3580805534037 77.78750670980452 
7 649.4189099195925 315.81953921354403 644.6891844231993 306.18910749312573 579.420432846822 281.3282650810481 580.6167241948965 379.43979389633824 582.1038059464238 380.6634054396327 651.9736809637122 363.4690246817862 649.4189099195925 315.81953921354403 
6 552.6283379095631 490.3456373117767 553.8363988559207 497.2848756689078 558.8192508565334 501.71526900600617 571.2784198720403 491.2244453044467 561.2466951988362 486.96824843944995 552.6283379095631 490.3456373117767 
7 174.66263731654183 302.52456201622624 190.49653173858252 284.97830403624255 191.05032694986102 281.63109650811305 187.24197651178122 271.0594792518666 147.41647870508467 236.37357592673916 138.63438892390872 240.12180529247394 174.66263731654183 302.52456201622624 
6 330.6268226876303 0.0 362.16394871011556 50.48012355075508 371.30077221613004 49.134253342124474 384.45562360663814 21.131884144346053 368.2849006360697 0.0 330.6268226876303 0.0 
5 539.3936306279885 539.8611029340077 538.757417287883 550.4722129083871 555.8453946601862 544.8585650189059 541.3657619420181 538.1801642917163 539.3936306279885 539.8611029340077 
9 743.0356682799525 159.29295730181965 747.6092195621405 168.4757313985834 797.4979154106439 193.98400113341566 807.2011315420807 189.51412745541558 816.9086132635438 159.07699602798104 798.2834911964844 129.99106210862385 792.7391675471891 128.04444172454888 743.6718417584744 156.52937658565025 743.0356682799525 159.29295730181965 
6 504.02371104757754 642.5752515075745 503.75988414150083 642.3456573188361 489.15187060707945 638.2026751232216 482.1629889495546 647.3949453116431 486.5734919433627 659.9247979640769 504.02371104757754 642.5752515075745 
6 807.2011315420807 189.51412745541558 839.5921884519942 207.1049940510629 878.6911051153784 174.1410624005638 856.1487234783276 149.78125939025182 816.9086132635438 159.07699602798104 807.2011315420807 189.51412745541558 
6 264.7890911021575 300.15536744843666 244.84813493940146 303.7780136291894 242.30481041455727 308.1628007309126 279.08038572507377 340.01913547227986 290.4567087853845 321.475771566166 264.7890911021575 300.15536744843666 
8 481.66404229566575 452.32307191093906 504.00833983155064 444.98138200789157 518.2904887157459 428.4050952869357 520.9014195002003 383.00638944394143 509.4923164959279 374.63966814281645 458.12400093895076 416.477768957279 456.0797854390943 424.53025930352095 481.66404229566575 452.32307191093906 
8 517.2732648336105 559.2808869533853 517.482799670582 558.7144642017935 509.6353082424307 552.9194580077298 485.2562100421213 550.3771010868966 484.13411669364416 568.1664029078846 497.1818728247161 573.3587916358396 510.75700160673955 570.6721515194353 517.2732648336105 559.2808869533853 
5 157.96689665835447 40.71142060526095 177.64271493885377 13.338193724039481 120.17620623515407 21.581317662750696 118.70585196599143 26.750711397372978 157.96689665835447 40.71142060526095 
7 7.5293498052106 13.041216410583583 63.87419312241104 41.89298485468744 71.20011924895235 39.01713281623333 82.53228499162155 24.799290663202278 80.54936315352953 0.0 0.0 0.0 7.5293498052106 13.041216410583583 
5 307.89558562452254 456.4100218038465 275.7522085427729 477.61683549541124 299.87331026497344 519.3958092127997 328.42904062214086 495.85033560144086 307.89558562452254 456.4100218038465 
6 666.5586682956086 533.4688908778163 648.742962179733 538.2176049319787 649.9002996205329 582.8120968883482 661.8622800992266 585.6717108236334 686.9592583627829 542.2024693547023 666.5586682956086 533.4688908778163 
7 819.4337985850127 312.74983498047317 801.781577608817 294.09724144808087 790.9757981727648 296.625823269196 784.4635352189423 306.69684389716747 796.6371839008926 327.00753822199795 810.3200127470278 328.53537510116485 819.4337985850127 312.74983498047317 
5 547.6706013884491 783.4575001522813 522.3940092638061 782.5821267043461 478.00710825519866 827.9325978770805 500.0 866.0254037844386 547.6706013884491 783.4575001522813 
8 561.1835129246809 444.31896654701404 590.1288618375736 411.82664629668596 582.1038059464238 380.6634054396327 580.6167241948965 379.43979389633824 520.9014195002003 383.00638944394143 518.2904887157459 428.4050952869357 553.5907763419876 444.75252162086815 561.1835129246809 444.31896654701404 
7 454.96317942393733 652.8473654964436 444.45294520552557 642.1816008671835 417.2822428857727 649.9527963456613 412.04441554869436 683.8440229117251 438.1240202293932 692.7855698190724 459.34971390968775 663.096774609195 454.96317942393733 652.8473654964436 
6 557.8106088729686 509.82051924351566 562.2925148103677 522.2864051881521 589.1140837632681 521.4217282099191 578.4501586333124 507.57304691889806 559.3667490488572 506.8980743474714 557.8106088729686 509.82051924351566 
6 71.20011924895235 39.01713281623333 63.87419312241104 41.89298485468744 62.323888460594105 68.6013917886991 91.31338878359209 85.19786070765494 98.58348012938325 55.78414859986387 71.20011924895235 39.01713281623333 
7 644.6891844231993 306.18910749312573 687.6846270881363 262.7075928648798 687.4483218431368 238.28573647138296 639.7806796301946 211.37513593279277 572.8067288477548 272.9443686897157 579.420432846822 281.3282650810481 644.6891844231993 306.18910749312573 
5 723.3439237848105 105.65816406761849 743.6718417584744 156.52937658565025 792.7391675471891 128.04444172454888 777.9420031475768 92.48419615731507 723.3439237848105 105.65816406761849 
6 451.23494986357747 781.5618593145111 452.80801267022025 779.7650107597004 461.68596727266225 734.2301136410355 443.94771415743355 717.0825830665733 422.14889134618033 731.1833281704578 451.23494986357747 781.5618593145111 
8 715.6754382134416 315.40498057058613 711.3324236655357 323.58588715585114 714.7073141840664 354.1932114248333 740.6987366959822 366.4924033422325 740.7190611740555 366.4868230660932 750.2370408914737 356.86363618430727 756.8972420943618 321.332902018958 715.6754382134416 315.40498057058613 
7 565.5610956610127 551.1129046696379 554.7784581037472 566.845260025582 554.273233998864 573.2706206824346 581.4934532068727 588.9937106055543 591.5533226029063 585.5977244353488 586.1320035473614 549.4456793300593 565.5610956610127 551.1129046696379 
7 461.68596727266225 734.2301136410355 488.1559236224675 720.2606194939278 483.04233240128355 705.7803776848999 469.13173081453806 696.3874678101055 442.06375147158457 697.7328271449448 443.94771415743355 717.0825830665733 461.68596727266225 734.2301136410355 
6 235.23438226736596 314.2385982214827 190.49653173858252 284.97830403624255 174.66263731654183 302.52456201622624 192.40167706202485 333.24948013288645 231.60161999811126 320.6958549813018 235.23438226736596 314.2385982214827 
6 430.7784238669843 341.4571702811455 429.9491730136165 362.9490401481998 458.12400093895076 416.477768957279 509.4923164959279 374.63966814281645 482.6399509833882 326.062115612565 430.7784238669843 341.4571702811455 
9 267.3350383304359 166.65556692477537 300.8165855907407 150.5505561709026 326.71606294011656 113.03126925760759 317.98282474652683 92.16333398272425 309.0071549358681 85.54028414811344 262.99297323474815 79.92730723151287 222.38408666101887 145.56692163705907 226.98633273775323 153.05729628559413 267.3350383304359 166.65556692477537 
7 801.781577608817 294.09724144808087 811.793226176527 277.5011424816452 808.7347564938113 253.47300059540657 789.0804306674386 245.26837727139426 771.4894274604019 269.98821291355193 790.9757981727648 296.625823269196 801.781577608817 294.09724144808087 
6 528.4928378621871 578.0512025631443 537.7238432677042 574.2875427727719 528.7643404890117 563.8479131518341 525.4022402239915 576.8637458628107 525.776179410724 577.3846905889048 528.4928378621871 578.0512025631443 
7 525.4022402239915 576.8637458628107 528.7643404890117 563.8479131518341 527.1145085498433 558.2285950276698 517.482799670582 558.7144642017935 517.2732648336105 559.2808869533853 520.6591622368207 576.4473269466539 525.4022402239915 576.8637458628107 
6 694.5726108954265 47.24113935385495 638.6959068830542 55.15849583276999 647.4770048047083 104.15770607416809 711.1463067645778 82.17607026957519 710.9968711865471 66.51483917590002 694.5726108954265 47.24113935385495 
6 403.4936180476728 14.999165818408944 426.7516832482731 48.32027182658234 444.87637315991606 39.72663053807864 433.9226073466151 0.0 410.6687215614525 0.0 403.4936180476728 14.999165818408944 
5 507.9724541342766 532.2733975271353 510.03626672645186 520.78453084535 500.39689597857125 518.1444254870228 497.64788779609574 534.8104141072787 507.9724541342766 532.2733975271353 
6 755.3366923912292 423.76927952624413 730.7222849197477 413.6291243953872 719.7699420699565 418.8045534281889 709.2982125548863 444.4892811170438 731.3192796985129 465.36865857637827 755.3366923912292 423.76927952624413 
6 525.2079050699083 604.6190570043269 530.9550913358321 616.4903276622466 542.7534813188123 618.3566847850345 537.8111655288818 607.0569771379454 529.1622662740613 603.4475728053444 525.2079050699083 604.6190570043269 
6 71.20011924895235 39.01713281623333 98.58348012938325 55.78414859986387 116.0937519733269 47.279611938817766 118.15886867669913 27.418793681277226 82.53228499162155 24.799290663202278 71.20011924895235 39.01713281623333 
6 345.59208202387714 216.81279022399875 390.04839638329463 176.7147650087208 359.0143589288037 125.8951888377161 326.71606294011656 113.03126925760759 300.8165855907407 150.5505561709026 345.59208202387714 216.81279022399875 
5 819.9296585031906 0.0 835.556369996489 29.642571014598424 890.1325161942193 56.94499753380615 915.1905298830018 0.0 819.9296585031906 0.0 
8 527.1039092827956 595.34126667561 533.8027348113756 592.6566612972714 532.5571926715949 590.9668957018196 528.0492814194153 588.875054176653 527.0275072975959 588.842858172986 525.1197938609133 591.9292405336911 525.97603255538 595.0172686031633 527.1039092827956 595.34126667561 
5 433.9226073466151 0.0 444.87637315991606 39.72663053807864 474.75363434337095 41.09854701443089 480.5020964969894 0.0 433.9226073466151 0.0 
6 486.18022016050986 661.6091469184031 466.3818547462289 665.9825054424753 472.114266298318 680.2649159174023 488.0669694651353 681.5045214570637 492.4362743748004 668.1080211129885 486.18022016050986 661.6091469184031 
8 303.61729173806384 388.63305941965405 337.2286434561786 409.7358671217535 359.44147136177867 388.50544031792714 361.1539498499656 376.138014251002 324.8508770682809 346.46976445884076 300.41997461933994 371.8060833544228 299.04323278826274 379.9822526259334 303.61729173806384 388.63305941965405 
6 409.77992699156243 438.59891817083974 456.0797854390943 424.53025930352095 458.12400093895076 416.477768957279 429.9491730136165 362.9490401481998 401.8761769748026 414.26495495495914 409.77992699156243 438.59891817083974 
7 80.54936315352953 0.0 82.53228499162155 24.799290663202278 118.15886867669913 27.418793681277226 118.70585196599143 26.750711397372978 120.17620623515407 21.581317662750696 119.9283588044454 0.0 80.54936315352953 0.0 
8 807.2011315420807 189.51412745541558 797.4979154106439 193.98400113341566 782.997957509216 231.9499450581078 789.0804306674386 245.26837727139426 808.7347564938113 253.47300059540657 849.2218980115138 242.00974702002955 839.5921884519942 207.1049940510629 807.2011315420807 189.51412745541558 
8 486.5734919433627 659.9247979640769 482.1629889495546 647.3949453116431 474.27951399493554 643.3608019312779 454.96317942393733 652.8473654964436 459.34971390968775 663.096774609195 466.3818547462289 665.9825054424753 486.18022016050986 661.6091469184031 486.5734919433627 659.9247979640769 
6 311.0169917915341 445.9800802412028 335.10269790830466 430.1063045371606 337.2286434561786 409.7358671217535 303.61729173806384 388.63305941965405 276.5563202098939 424.99121422065303 311.0169917915341 445.9800802412028 
9 507.36881977606396 276.1572137595127 482.6399509833882 326.062115612565 509.4923164959279 374.63966814281645 520.9014195002003 383.00638944394143 580.6167241948965 379.43979389633824 579.420432846822 281.3282650810481 572.8067288477548 272.9443686897157 551.8905009915618 266.0850949975067 507.36881977606396 276.1572137595127 
8 579.9841896488945 104.40356691769068 508.62087613989297 108.40290513544369 494.50093902571143 115.56712024435774 482.6272456445726 134.31096785000378 551.5651191379194 180.83620894232362 577.0205659503719 167.05328290294898 593.4384001640589 120.90129351644984 579.9841896488945 104.40356691769068 
6 666.5586682956086 533.4688908778163 662.7234320582335 489.7813408292806 640.989829985343 487.49169622602005 628.705814774658 535.7982044085115 648.742962179733 538.2176049319787 666.5586682956086 533.4688908778163 
7 223.92617910165444 233.63699575782303 221.34775889718364 232.0306491399114 187.24197651178122 271.0594792518666 191.05032694986102 281.63109650811305 238.0571968546256 264.34222216126915 238.6128095506953 261.2896066449576 223.92617910165444 233.63699575782303 
5 313.3587474066966 245.08035530542082 275.8422382548131 207.71682177832537 223.92617910165444 233.63699575782303 238.6128095506953 261.2896066449576 313.3587474066966 245.08035530542082 
6 531.1853037682388 527.1886834988554 527.9051468678947 523.8216473574533 517.0285942778006 522.6607850953433 517.9915845371233 535.7663513513794 526.0314977940492 536.126682499733 531.1853037682388 527.1886834988554 
8 313.3587474066966 245.08035530542082 313.44314837133373 245.11604977977396 341.67480731469016 225.8394866941482 345.59208202387714 216.81279022399875 300.8165855907407 150.5505561709026 267.3350383304359 166.65556692477537 275.8422382548131 207.71682177832537 313.3587474066966 245.08035530542082 
7 564.2748542462674 50.93986456349459 568.8556653927888 0.0 563.1872229239501 0.0 527.6207103272469 26.997936135176822 526.571379425145 31.925111056651176 539.5967006685421 51.57925147592364 564.2748542462674 50.93986456349459 
6 645.3902845300594 614.2020440514804 623.3468177645555 589.6917877671885 612.2358712567168 595.6081925280293 607.5979083092433 632.5181016527846 625.4993930944146 648.6540786258538 645.3902845300594 614.2020440514804 
7 559.0287794877331 474.3643814688217 561.2466951988362 486.96824843944995 571.2784198720403 491.2244453044467 574.4256092803586 490.8975270571634 586.1443619316277 475.50761298676326 569.7831045955952 463.65374688963476 559.0287794877331 474.3643814688217 
5 577.0205659503719 167.05328290294898 629.6737848230232 193.08075460703213 634.9405544996814 123.73849461136251 593.4384001640589 120.90129351644984 577.0205659503719 167.05328290294898 
10 537.7238432677042 574.2875427727719 544.7695906336311 577.9456741666829 549.286073776683 577.9350099943831 554.273233998864 573.2706206824346 554.7784581037472 566.845260025582 534.1928551312284 555.6342048462927 529.3802551996353 556.3914373618546 527.1145085498433 558.2285950276698 528.7643404890117 563.8479131518341 537.7238432677042 574.2875427727719 
7 242.30481041455727 308.1628007309126 244.84813493940146 303.7780136291894 238.0571968546256 264.34222216126915 191.05032694986102 281.63109650811305 190.49653173858252 284.97830403624255 235.23438226736596 314.2385982214827 242.30481041455727 308.1628007309126 
7 534.1928551312284 555.6342048462927 554.7784581037472 566.845260025582 565.5610956610127 551.1129046696379 559.2802412113537 544.9288966984813 555.8453946601862 544.8585650189059 538.757417287883 550.4722129083871 534.1928551312284 555.6342048462927 
6 420.3506343631833 515.0927215843375 408.54937061658006 441.33726554092345 355.80445963679017 446.87502156283807 356.3009481898007 491.66890874956084 416.6933222737688 518.4006943565083 420.3506343631833 515.0927215843375 
