Total 194543 138790 
0 2805 1533 
1 2299 1482 
2 2222 2158 
3 2761 1042 
4 3415 1003 
5 2229 2090 
6 1935 1871 
7 2085 2289 
8 2271 1616 
9 1977 1897 
10 2676 1151 
11 2877 1498 
12 2636 1842 
13 2358 1440 
14 2535 1760 
15 3701 602 
16 2995 788 
17 2801 1131 
18 3111 1311 
19 2563 1191 
20 2266 1559 
21 2325 1985 
22 2164 2135 
23 2058 1852 
24 2587 1204 
25 2082 1693 
26 2433 1899 
27 2104 2235 
28 2326 2025 
29 1760 2063 
30 2604 1796 
31 2969 1465 
32 2609 1170 
33 2418 1440 
34 2760 1618 
35 2256 1550 
36 2469 1906 
37 2279 1976 
38 2176 1721 
39 2496 1863 
40 2337 1464 
41 2784 1602 
42 3691 728 
43 2607 1178 
44 2913 1469 
45 2143 1675 
46 2225 1582 
47 2402 1951 
48 2474 1933 
49 2533 1839 
50 2374 1492 
51 2365 1501 
52 2617 1237 
53 2627 1216 
54 2759 1571 
55 2788 1558 
56 2577 1790 
57 2389 1413 
58 2572 1823 
59 2291 1503 
60 2269 2220 
61 1807 2633 
62 1222 3142 
63 1688 2758 
64 990 2737 
65 1493 2312 
66 1578 2313 
67 1861 2490 
68 1689 2660 
69 1218 2555 
70 1543 2278 
71 2314 2077 
72 2303 2140 
73 1731 2114 
74 2007 2353 
75 3319 993 
76 2434 1344 
77 3735 753 
78 2844 1475 
79 2877 1002 
80 2760 1066 
