Total 153 90 
0 2 1 
1 2 1 
2 2 1 
3 2 1 
4 3 0 
5 2 1 
6 2 1 
7 1 2 
8 2 1 
9 2 1 
10 2 1 
11 2 1 
12 2 1 
13 2 1 
14 2 1 
15 3 0 
16 3 0 
17 2 1 
18 2 1 
19 2 1 
20 2 1 
21 2 1 
22 2 1 
23 2 1 
24 2 1 
25 2 1 
26 2 1 
27 1 2 
28 2 1 
29 1 2 
30 2 1 
31 2 1 
32 2 1 
33 2 1 
34 2 1 
35 2 1 
36 2 1 
37 2 1 
38 2 1 
39 2 1 
40 2 1 
41 2 1 
42 3 0 
43 2 1 
44 2 1 
45 2 1 
46 2 1 
47 2 1 
48 2 1 
49 2 1 
50 2 1 
51 2 1 
52 2 1 
53 2 1 
54 2 1 
55 2 1 
56 2 1 
57 2 1 
58 2 1 
59 2 1 
60 2 1 
61 1 2 
62 1 2 
63 1 2 
64 1 2 
65 1 2 
66 1 2 
67 1 2 
68 1 2 
69 1 2 
70 1 2 
71 2 1 
72 2 1 
73 1 2 
74 1 2 
75 3 0 
76 2 1 
77 3 0 
78 2 1 
79 2 1 
80 2 1 
