Total 36814 46422 
0 635 448 
1 408 536 
2 31 1062 
3 859 91 
4 101 1003 
5 69 1010 
6 31 919 
7 991 101 
8 327 644 
9 39 928 
10 762 194 
11 689 404 
12 396 722 
13 458 490 
14 387 686 
15 473 602 
16 157 788 
17 834 147 
18 899 205 
19 685 252 
20 353 602 
21 169 907 
22 14 1060 
23 102 874 
24 691 256 
25 194 749 
26 266 815 
27 1019 65 
28 150 937 
29 804 151 
30 403 695 
31 751 356 
32 719 225 
33 488 475 
34 570 523 
35 352 598 
36 281 812 
37 151 912 
38 227 746 
39 316 773 
40 436 513 
41 590 505 
42 376 728 
43 714 231 
44 721 373 
45 233 720 
46 321 630 
47 225 862 
48 270 831 
49 346 745 
50 440 525 
51 431 534 
52 689 273 
53 705 255 
54 593 488 
55 614 471 
56 393 698 
57 487 462 
58 374 724 
59 393 554 
60 24 1097 
61 696 412 
62 130 959 
63 576 534 
64 58 873 
65 541 409 
66 605 367 
67 773 314 
68 601 485 
69 274 668 
70 587 367 
71 118 979 
72 81 1029 
73 769 191 
74 916 172 
75 84 993 
76 544 399 
77 368 753 
78 684 395 
79 937 32 
80 846 109 
