Total 164504 167000 
0 4138 0 
1 3783 0 
2 3623 696 
3 1322 2952 
4 1136 3188 
5 2101 1803 
6 1114 2649 
7 3877 0 
8 4419 0 
9 4287 0 
10 0 4271 
11 0 4290 
12 694 3079 
13 3364 1035 
14 3734 0 
15 1115 2629 
16 2198 1820 
17 804 2913 
18 0 4281 
19 0 4305 
20 0 4110 
21 0 3773 
22 0 4027 
23 0 3861 
24 0 4289 
25 0 4345 
26 0 3905 
27 0 4348 
28 1947 1971 
29 2427 1902 
30 0 3614 
31 0 3808 
32 0 4311 
33 986 2905 
34 0 4196 
35 0 4254 
36 24 4263 
37 0 4416 
38 0 3878 
39 0 4453 
40 3899 0 
41 2099 2087 
42 3813 123 
43 1908 1815 
44 3539 479 
45 3756 0 
46 4353 0 
47 4132 285 
48 4232 0 
49 4371 0 
50 23 4325 
51 2087 1804 
52 4292 0 
53 3080 1158 
54 4361 0 
55 4039 0 
56 4251 0 
57 2630 1253 
58 418 3415 
59 3531 252 
60 3067 691 
61 1567 2703 
62 3347 689 
63 4001 465 
64 4074 0 
65 2248 1564 
66 3768 836 
67 135 3695 
68 3328 583 
69 3357 1069 
70 3999 125 
71 2982 885 
72 110 3808 
73 963 2882 
74 3884 562 
75 194 3646 
76 2343 1859 
77 3046 916 
78 1306 3016 
79 2652 1392 
80 2226 2078 
