Total 129 114 
0 3 0 
1 3 0 
2 3 0 
3 1 2 
4 1 2 
5 2 1 
6 1 2 
7 3 0 
8 3 0 
9 3 0 
10 0 3 
11 0 3 
12 0 3 
13 3 0 
14 3 0 
15 1 2 
16 2 1 
17 0 3 
18 0 3 
19 0 3 
20 0 3 
21 0 3 
22 0 3 
23 0 3 
24 0 3 
25 0 3 
26 0 3 
27 0 3 
28 1 2 
29 2 1 
30 0 3 
31 0 3 
32 0 3 
33 1 2 
34 0 3 
35 0 3 
36 0 3 
37 0 3 
38 0 3 
39 0 3 
40 3 0 
41 2 1 
42 3 0 
43 2 1 
44 3 0 
45 3 0 
46 3 0 
47 3 0 
48 3 0 
49 3 0 
50 0 3 
51 2 1 
52 3 0 
53 2 1 
54 3 0 
55 3 0 
56 3 0 
57 2 1 
58 0 3 
59 3 0 
60 3 0 
61 1 2 
62 3 0 
63 3 0 
64 3 0 
65 2 1 
66 3 0 
67 0 3 
68 3 0 
69 3 0 
70 3 0 
71 3 0 
72 0 3 
73 1 2 
74 3 0 
75 0 3 
76 2 1 
77 3 0 
78 1 2 
79 2 1 
80 2 1 
