Total 31859 50950 
0 1034 0 
1 945 0 
2 383 696 
3 253 814 
4 54 1025 
5 148 826 
6 173 767 
7 969 0 
8 1104 0 
9 1071 0 
10 0 1067 
11 0 1072 
12 694 249 
13 64 1035 
14 933 0 
15 178 756 
16 188 815 
17 804 125 
18 0 1070 
19 0 1076 
20 0 1027 
21 0 943 
22 0 1006 
23 0 965 
24 0 1072 
25 0 1086 
26 0 976 
27 0 1086 
28 967 11 
29 262 819 
30 0 903 
31 0 951 
32 0 1077 
33 13 959 
34 0 1048 
35 0 1063 
36 24 1047 
37 0 1103 
38 0 969 
39 0 1113 
40 974 0 
41 5 1040 
42 860 123 
43 46 884 
44 525 479 
45 938 0 
46 1088 0 
47 819 285 
48 1057 0 
49 1092 0 
50 23 1063 
51 141 831 
52 1072 0 
53 960 98 
54 1090 0 
55 1009 0 
56 1062 0 
57 688 282 
58 418 540 
59 693 252 
60 248 691 
61 499 567 
62 319 689 
63 651 465 
64 1018 0 
65 341 610 
66 314 836 
67 135 822 
68 394 583 
69 37 1069 
70 905 125 
71 81 885 
72 110 869 
73 1 959 
74 549 562 
75 194 765 
76 241 808 
77 74 916 
78 225 854 
79 629 380 
80 73 1001 
